9.0 192
9.0167 195
9.0333 198
9.05 201
9.0667 204
9.0833 207
9.1 210
9.1167 213
9.1333 215
9.15 218
9.1667 221
9.1833 224
9.2 227
9.2167 230
9.2333 233
9.25 236
9.2667 239
9.2833 242
9.3 245
9.3167 248
9.3333 250
9.35 253
9.3667 256
9.3833 259
9.4 262
9.4167 265
9.4333 268
9.45 271
9.4667 274
9.4833 277
9.5 279
9.5167 282
9.5333 285
9.55 288
9.5667 291
9.5833 294
9.6 297
9.6167 300
9.6333 302
9.65 305
9.6667 308
9.6833 311
9.7 314
9.7167 317
9.7333 319
9.75 322
9.7667 325
9.7833 328
9.8 331
9.8167 333
9.8333 336
9.85 339
9.8667 342
9.8833 344
9.9 347
9.9167 350
9.9333 353
9.95 355
9.9667 358
9.9833 361
10.0 364
10.0167 366
10.0333 369
10.05 372
10.0667 374
10.0833 377
10.1 380
10.1167 382
10.1333 385
10.15 387
10.1667 390
10.1833 393
10.2 395
10.2167 398
10.2333 400
10.25 403
10.2667 405
10.2833 408
10.3 410
10.3167 413
10.3333 415
10.35 418
10.3667 420
10.3833 423
10.4 425
10.4167 428
10.4333 430
10.45 433
10.4667 435
10.4833 437
10.5 440
10.5167 442
10.5333 444
10.55 447
10.5667 449
10.5833 451
10.6 454
10.6167 456
10.6333 458
10.65 461
10.6667 463
10.6833 465
10.7 467
10.7167 470
10.7333 472
10.75 474
10.7667 476
10.7833 478
10.8 480
10.8167 482
10.8333 485
10.85 487
10.8667 489
10.8833 491
10.9 493
10.9167 495
10.9333 497
10.95 499
10.9667 501
10.9833 503
11.0 505
11.0167 507
11.0333 509
11.05 511
11.0667 513
11.0833 514
11.1 516
11.1167 518
11.1333 520
11.15 522
11.1667 524
11.1833 525
11.2 527
11.2167 529
11.2333 531
11.25 532
11.2667 534
11.2833 536
11.3 537
11.3167 539
11.3333 541
11.35 542
11.3667 544
11.3833 546
11.4 547
11.4167 549
11.4333 550
11.45 552
11.4667 553
11.4833 555
11.5 556
11.5167 558
11.5333 559
11.55 561
11.5667 562
11.5833 563
11.6 565
11.6167 566
11.6333 568
11.65 569
11.6667 570
11.6833 572
11.7 573
11.7167 574
11.7333 575
11.75 577
11.7667 578
11.7833 579
11.8 580
11.8167 581
11.8333 582
11.85 583
11.8667 585
11.8833 586
11.9 587
11.9167 588
11.9333 589
11.95 590
11.9667 591
11.9833 592
12.0 593
12.0167 594
12.0333 595
12.05 595
12.0667 596
12.0833 597
12.1 598
12.1167 599
12.1333 600
12.15 601
12.1667 601
12.1833 602
12.2 603
12.2167 604
12.2333 604
12.25 605
12.2667 606
12.2833 606
12.3 607
12.3167 607
12.3333 608
12.35 609
12.3667 609
12.3833 610
12.4 610
12.4167 611
12.4333 611
12.45 612
12.4667 612
12.4833 613
12.5 613
12.5167 613
12.5333 614
12.55 614
12.5667 614
12.5833 615
12.6 615
12.6167 615
12.6333 615
12.65 616
12.6667 616
12.6833 616
12.7 616
12.7167 616
12.7333 617
12.75 617
12.7667 617
12.7833 617
12.8 617
12.8167 617
12.8333 617
12.85 617
12.8667 617
12.8833 617
12.9 617
12.9167 617
12.9333 617
12.95 617
12.9667 617
12.9833 616
13.0 616
13.0167 616
13.0333 616
13.05 616
13.0667 616
13.0833 615
13.1 615
13.1167 615
13.1333 614
13.15 614
13.1667 614
13.1833 613
13.2 613
13.2167 613
13.2333 612
13.25 612
13.2667 611
13.2833 611
13.3 610
13.3167 610
13.3333 609
13.35 609
13.3667 608
13.3833 608
13.4 607
13.4167 606
13.4333 606
13.45 605
13.4667 604
13.4833 604
13.5 603
13.5167 602
13.5333 601
13.55 601
13.5667 600
13.5833 599
13.6 598
13.6167 597
13.6333 597
13.65 596
13.6667 595
13.6833 594
13.7 593
13.7167 592
13.7333 591
13.75 590
13.7667 589
13.7833 588
13.8 587
13.8167 586
13.8333 585
13.85 584
13.8667 583
13.8833 581
13.9 580
13.9167 579
13.9333 578
13.95 577
13.9667 576
13.9833 574
14.0 573
14.0167 572
14.0333 570
14.05 569
14.0667 568
14.0833 566
14.1 565
14.1167 564
14.1333 562
14.15 561
14.1667 560
14.1833 558
14.2 557
14.2167 555
14.2333 554
14.25 552
14.2667 551
14.2833 549
14.3 548
14.3167 546
14.3333 544
14.35 543
14.3667 541
14.3833 539
14.4 538
14.4167 536
14.4333 534
14.45 533
14.4667 531
14.4833 529
14.5 527
14.5167 526
14.5333 524
14.55 522
14.5667 520
14.5833 518
14.6 517
14.6167 515
14.6333 513
14.65 511
14.6667 509
14.6833 507
14.7 505
14.7167 503
14.7333 501
14.75 499
14.7667 497
14.7833 495
14.8 493
14.8167 491
14.8333 489
14.85 487
14.8667 485
14.8833 483
14.9 481
14.9167 479
14.9333 476
14.95 474
14.9667 472
14.9833 470
15.0 469
15.0167 466
15.0333 464
15.05 462
15.0667 460
15.0833 457
15.1 455
15.1167 453
15.1333 450
15.15 448
15.1667 446
15.1833 443
15.2 441
15.2167 439
15.2333 436
15.25 434
15.2667 431
15.2833 429
15.3 427
15.3167 424
15.3333 422
15.35 419
15.3667 417
15.3833 414
15.4 412
15.4167 409
15.4333 407
15.45 404
15.4667 402
15.4833 399
15.5 396
15.5167 394
15.5333 391
15.55 389
15.5667 386
15.5833 383
15.6 381
15.6167 378
15.6333 376
15.65 373
15.6667 370
15.6833 368
15.7 365
15.7167 362
15.7333 359
15.75 357
15.7667 354
15.7833 351
15.8 349
15.8167 346
15.8333 343
15.85 340
15.8667 337
15.8833 335
15.9 332
15.9167 329
15.9333 326
15.95 323
15.9667 321
15.9833 318
