9.0 210
9.0167 213
9.0333 216
9.05 219
9.0667 222
9.0833 225
9.1 228
9.1167 231
9.1333 235
9.15 238
9.1667 241
9.1833 244
9.2 247
9.2167 250
9.2333 253
9.25 256
9.2667 259
9.2833 262
9.3 265
9.3167 268
9.3333 271
9.35 274
9.3667 277
9.3833 280
9.4 284
9.4167 287
9.4333 290
9.45 293
9.4667 296
9.4833 299
9.5 302
9.5167 305
9.5333 308
9.55 311
9.5667 314
9.5833 317
9.6 320
9.6167 323
9.6333 326
9.65 329
9.6667 331
9.6833 334
9.7 337
9.7167 340
9.7333 343
9.75 346
9.7667 349
9.7833 352
9.8 355
9.8167 358
9.8333 360
9.85 363
9.8667 366
9.8833 369
9.9 372
9.9167 375
9.9333 378
9.95 380
9.9667 383
9.9833 386
10.0 389
10.0167 391
10.0333 394
10.05 397
10.0667 400
10.0833 402
10.1 405
10.1167 408
10.1333 410
10.15 413
10.1667 416
10.1833 418
10.2 421
10.2167 424
10.2333 426
10.25 429
10.2667 432
10.2833 434
10.3 437
10.3167 439
10.3333 442
10.35 444
10.3667 447
10.3833 449
10.4 452
10.4167 454
10.4333 457
10.45 459
10.4667 462
10.4833 464
10.5 467
10.5167 469
10.5333 471
10.55 474
10.5667 476
10.5833 478
10.6 481
10.6167 483
10.6333 485
10.65 488
10.6667 490
10.6833 492
10.7 494
10.7167 497
10.7333 499
10.75 501
10.7667 503
10.7833 505
10.8 508
10.8167 510
10.8333 512
10.85 514
10.8667 516
10.8833 518
10.9 520
10.9167 522
10.9333 524
10.95 526
10.9667 528
10.9833 530
11.0 532
11.0167 534
11.0333 536
11.05 538
11.0667 540
11.0833 542
11.1 544
11.1167 546
11.1333 547
11.15 549
11.1667 551
11.1833 553
11.2 555
11.2167 556
11.2333 558
11.25 560
11.2667 562
11.2833 563
11.3 565
11.3167 567
11.3333 568
11.35 570
11.3667 572
11.3833 573
11.4 575
11.4167 576
11.4333 578
11.45 579
11.4667 581
11.4833 582
11.5 584
11.5167 585
11.5333 587
11.55 588
11.5667 589
11.5833 591
11.6 592
11.6167 594
11.6333 595
11.65 596
11.6667 598
11.6833 599
11.7 600
11.7167 601
11.7333 603
11.75 604
11.7667 605
11.7833 606
11.8 607
11.8167 608
11.8333 610
11.85 611
11.8667 612
11.8833 613
11.9 614
11.9167 615
11.9333 616
11.95 617
11.9667 618
11.9833 619
12.0 620
12.0167 621
12.0333 621
12.05 622
12.0667 623
12.0833 624
12.1 625
12.1167 626
12.1333 626
12.15 627
12.1667 628
12.1833 629
12.2 629
12.2167 630
12.2333 631
12.25 631
12.2667 632
12.2833 633
12.3 633
12.3167 634
12.3333 634
12.35 635
12.3667 635
12.3833 636
12.4 636
12.4167 637
12.4333 637
12.45 638
12.4667 638
12.4833 639
12.5 639
12.5167 639
12.5333 640
12.55 640
12.5667 640
12.5833 641
12.6 641
12.6167 641
12.6333 641
12.65 641
12.6667 642
12.6833 642
12.7 642
12.7167 642
12.7333 642
12.75 642
12.7667 642
12.7833 642
12.8 642
12.8167 642
12.8333 642
12.85 642
12.8667 642
12.8833 642
12.9 642
12.9167 642
12.9333 642
12.95 642
12.9667 642
12.9833 641
13.0 641
13.0167 641
13.0333 641
13.05 640
13.0667 640
13.0833 640
13.1 640
13.1167 639
13.1333 639
13.15 639
13.1667 638
13.1833 638
13.2 637
13.2167 637
13.2333 636
13.25 636
13.2667 635
13.2833 635
13.3 634
13.3167 634
13.3333 633
13.35 633
13.3667 632
13.3833 631
13.4 631
13.4167 630
13.4333 629
13.45 629
13.4667 628
13.4833 627
13.5 626
13.5167 626
13.5333 625
13.55 624
13.5667 623
13.5833 622
13.6 621
13.6167 620
13.6333 620
13.65 619
13.6667 618
13.6833 617
13.7 616
13.7167 615
13.7333 614
13.75 613
13.7667 612
13.7833 610
13.8 609
13.8167 608
13.8333 607
13.85 606
13.8667 605
13.8833 604
13.9 602
13.9167 601
13.9333 600
13.95 599
13.9667 597
13.9833 596
14.0 595
14.0167 593
14.0333 592
14.05 591
14.0667 589
14.0833 588
14.1 586
14.1167 585
14.1333 584
14.15 582
14.1667 581
14.1833 579
14.2 578
14.2167 576
14.2333 574
14.25 573
14.2667 571
14.2833 570
14.3 568
14.3167 566
14.3333 565
14.35 563
14.3667 561
14.3833 560
14.4 558
14.4167 556
14.4333 554
14.45 553
14.4667 551
14.4833 549
14.5 547
14.5167 545
14.5333 543
14.55 542
14.5667 540
14.5833 538
14.6 536
14.6167 534
14.6333 532
14.65 530
14.6667 528
14.6833 526
14.7 524
14.7167 522
14.7333 520
14.75 518
14.7667 516
14.7833 514
14.8 512
14.8167 509
14.8333 507
14.85 505
14.8667 503
14.8833 501
14.9 499
14.9167 496
14.9333 494
14.95 492
14.9667 490
14.9833 487
15.0 486
15.0167 483
15.0333 481
15.05 479
15.0667 476
15.0833 474
15.1 472
15.1167 469
15.1333 467
15.15 465
15.1667 462
15.1833 460
15.2 457
15.2167 455
15.2333 452
15.25 450
15.2667 447
15.2833 445
15.3 442
15.3167 440
15.3333 437
15.35 434
15.3667 432
15.3833 429
15.4 427
15.4167 424
15.4333 421
15.45 419
15.4667 416
15.4833 414
15.5 411
15.5167 408
15.5333 405
15.55 403
15.5667 400
15.5833 397
15.6 395
15.6167 392
15.6333 389
15.65 386
15.6667 383
15.6833 381
15.7 378
15.7167 375
15.7333 372
15.75 369
15.7667 367
15.7833 364
15.8 361
15.8167 358
15.8333 355
15.85 352
15.8667 349
15.8833 346
15.9 343
15.9167 341
15.9333 338
15.95 335
15.9667 332
15.9833 329
