9.0 393
9.0167 395
9.0333 399
9.05 402
9.0667 405
9.0833 409
9.1 412
9.1167 415
9.1333 419
9.15 422
9.1667 425
9.1833 429
9.2 432
9.2167 435
9.2333 438
9.25 442
9.2667 445
9.2833 448
9.3 451
9.3167 455
9.3333 458
9.35 461
9.3667 464
9.3833 467
9.4 470
9.4167 474
9.4333 477
9.45 480
9.4667 483
9.4833 486
9.5 489
9.5167 492
9.5333 495
9.55 498
9.5667 501
9.5833 504
9.6 507
9.6167 510
9.6333 513
9.65 516
9.6667 519
9.6833 522
9.7 525
9.7167 528
9.7333 531
9.75 534
9.7667 537
9.7833 539
9.8 542
9.8167 545
9.8333 548
9.85 551
9.8667 554
9.8833 556
9.9 559
9.9167 562
9.9333 565
9.95 567
9.9667 570
9.9833 573
10.0 575
10.0167 578
10.0333 581
10.05 583
10.0667 586
10.0833 588
10.1 591
10.1167 594
10.1333 596
10.15 599
10.1667 601
10.1833 604
10.2 606
10.2167 609
10.2333 611
10.25 614
10.2667 616
10.2833 618
10.3 621
10.3167 623
10.3333 625
10.35 628
10.3667 630
10.3833 632
10.4 635
10.4167 637
10.4333 639
10.45 642
10.4667 644
10.4833 646
10.5 648
10.5167 650
10.5333 652
10.55 655
10.5667 657
10.5833 659
10.6 661
10.6167 663
10.6333 665
10.65 667
10.6667 669
10.6833 671
10.7 673
10.7167 675
10.7333 677
10.75 679
10.7667 681
10.7833 683
10.8 685
10.8167 687
10.8333 688
10.85 690
10.8667 692
10.8833 694
10.9 696
10.9167 697
10.9333 699
10.95 701
10.9667 702
10.9833 704
11.0 706
11.0167 707
11.0333 709
11.05 711
11.0667 712
11.0833 714
11.1 715
11.1167 717
11.1333 718
11.15 720
11.1667 721
11.1833 723
11.2 724
11.2167 726
11.2333 727
11.25 728
11.2667 730
11.2833 731
11.3 733
11.3167 734
11.3333 735
11.35 736
11.3667 738
11.3833 739
11.4 740
11.4167 741
11.4333 742
11.45 744
11.4667 745
11.4833 746
11.5 747
11.5167 748
11.5333 749
11.55 750
11.5667 751
11.5833 752
11.6 753
11.6167 754
11.6333 755
11.65 756
11.6667 757
11.6833 758
11.7 759
11.7167 759
11.7333 760
11.75 761
11.7667 762
11.7833 763
11.8 763
11.8167 764
11.8333 765
11.85 765
11.8667 766
11.8833 767
11.9 767
11.9167 768
11.9333 769
11.95 769
11.9667 770
11.9833 770
12.0 771
12.0167 771
12.0333 772
12.05 772
12.0667 772
12.0833 773
12.1 773
12.1167 774
12.1333 774
12.15 774
12.1667 775
12.1833 775
12.2 775
12.2167 775
12.2333 776
12.25 776
12.2667 776
12.2833 776
12.3 776
12.3167 776
12.3333 776
12.35 777
12.3667 777
12.3833 777
12.4 777
12.4167 777
12.4333 777
12.45 777
12.4667 777
12.4833 776
12.5 776
12.5167 776
12.5333 776
12.55 776
12.5667 776
12.5833 776
12.6 775
12.6167 775
12.6333 775
12.65 775
12.6667 774
12.6833 774
12.7 774
12.7167 773
12.7333 773
12.75 772
12.7667 772
12.7833 772
12.8 771
12.8167 771
12.8333 770
12.85 770
12.8667 769
12.8833 769
12.9 768
12.9167 767
12.9333 767
12.95 766
12.9667 765
12.9833 765
13.0 764
13.0167 763
13.0333 763
13.05 762
13.0667 761
13.0833 760
13.1 760
13.1167 759
13.1333 758
13.15 757
13.1667 756
13.1833 755
13.2 754
13.2167 753
13.2333 752
13.25 751
13.2667 750
13.2833 749
13.3 748
13.3167 747
13.3333 746
13.35 745
13.3667 744
13.3833 743
13.4 741
13.4167 740
13.4333 739
13.45 738
13.4667 737
13.4833 735
13.5 734
13.5167 733
13.5333 731
13.55 730
13.5667 729
13.5833 727
13.6 726
13.6167 724
13.6333 723
13.65 722
13.6667 720
13.6833 719
13.7 717
13.7167 716
13.7333 714
13.75 712
13.7667 711
13.7833 709
13.8 708
13.8167 706
13.8333 704
13.85 703
13.8667 701
13.8833 699
13.9 698
13.9167 696
13.9333 694
13.95 692
13.9667 690
13.9833 689
14.0 687
14.0167 685
14.0333 683
14.05 681
14.0667 679
14.0833 677
14.1 675
14.1167 673
14.1333 671
14.15 669
14.1667 667
14.1833 665
14.2 663
14.2167 661
14.2333 659
14.25 657
14.2667 655
14.2833 653
14.3 651
14.3167 648
14.3333 646
14.35 644
14.3667 642
14.3833 640
14.4 637
14.4167 635
14.4333 633
14.45 630
14.4667 628
14.4833 626
14.5 623
14.5167 621
14.5333 619
14.55 616
14.5667 614
14.5833 611
14.6 609
14.6167 607
14.6333 604
14.65 602
14.6667 599
14.6833 596
14.7 594
14.7167 591
14.7333 589
14.75 586
14.7667 584
14.7833 581
14.8 578
14.8167 576
14.8333 573
14.85 570
14.8667 568
14.8833 565
14.9 562
14.9167 559
14.9333 557
14.95 554
14.9667 551
14.9833 548
15.0 545
15.0167 542
15.0333 539
15.05 536
15.0667 533
15.0833 530
15.1 527
15.1167 525
15.1333 522
15.15 519
15.1667 516
15.1833 513
15.2 510
15.2167 507
15.2333 504
15.25 501
15.2667 498
15.2833 495
15.3 492
15.3167 489
15.3333 486
15.35 482
15.3667 479
15.3833 476
15.4 473
15.4167 470
15.4333 467
15.45 464
15.4667 460
15.4833 457
15.5 454
15.5167 451
15.5333 448
15.55 444
15.5667 441
15.5833 438
15.6 435
15.6167 431
15.6333 428
15.65 425
15.6667 422
15.6833 418
15.7 415
15.7167 412
15.7333 408
15.75 405
15.7667 402
15.7833 398
15.8 395
15.8167 391
15.8333 388
15.85 385
15.8667 381
15.8833 378
15.9 374
15.9167 371
15.9333 368
15.95 364
15.9667 361
15.9833 357
