9.0 233
9.0167 236
9.0333 239
9.05 242
9.0667 245
9.0833 248
9.1 251
9.1167 254
9.1333 257
9.15 260
9.1667 263
9.1833 266
9.2 269
9.2167 272
9.2333 275
9.25 278
9.2667 280
9.2833 283
9.3 286
9.3167 289
9.3333 292
9.35 295
9.3667 298
9.3833 301
9.4 304
9.4167 307
9.4333 310
9.45 313
9.4667 315
9.4833 318
9.5 321
9.5167 324
9.5333 327
9.55 330
9.5667 333
9.5833 335
9.6 338
9.6167 341
9.6333 344
9.65 347
9.6667 349
9.6833 352
9.7 355
9.7167 358
9.7333 360
9.75 363
9.7667 366
9.7833 369
9.8 371
9.8167 374
9.8333 377
9.85 379
9.8667 382
9.8833 385
9.9 387
9.9167 390
9.9333 393
9.95 395
9.9667 398
9.9833 400
10.0 403
10.0167 405
10.0333 408
10.05 411
10.0667 413
10.0833 416
10.1 418
10.1167 421
10.1333 423
10.15 426
10.1667 428
10.1833 430
10.2 433
10.2167 435
10.2333 438
10.25 440
10.2667 443
10.2833 445
10.3 447
10.3167 450
10.3333 452
10.35 454
10.3667 457
10.3833 459
10.4 461
10.4167 463
10.4333 466
10.45 468
10.4667 470
10.4833 472
10.5 474
10.5167 477
10.5333 479
10.55 481
10.5667 483
10.5833 485
10.6 487
10.6167 489
10.6333 492
10.65 494
10.6667 496
10.6833 498
10.7 500
10.7167 502
10.7333 504
10.75 506
10.7667 508
10.7833 510
10.8 511
10.8167 513
10.8333 515
10.85 517
10.8667 519
10.8833 521
10.9 523
10.9167 524
10.9333 526
10.95 528
10.9667 530
10.9833 532
11.0 533
11.0167 535
11.0333 537
11.05 538
11.0667 540
11.0833 542
11.1 543
11.1167 545
11.1333 547
11.15 548
11.1667 550
11.1833 551
11.2 553
11.2167 554
11.2333 556
11.25 557
11.2667 559
11.2833 560
11.3 562
11.3167 563
11.3333 564
11.35 566
11.3667 567
11.3833 569
11.4 570
11.4167 571
11.4333 572
11.45 574
11.4667 575
11.4833 576
11.5 577
11.5167 579
11.5333 580
11.55 581
11.5667 582
11.5833 583
11.6 584
11.6167 586
11.6333 587
11.65 588
11.6667 589
11.6833 590
11.7 591
11.7167 592
11.7333 593
11.75 594
11.7667 595
11.7833 596
11.8 596
11.8167 597
11.8333 598
11.85 599
11.8667 600
11.8833 601
11.9 601
11.9167 602
11.9333 603
11.95 604
11.9667 604
11.9833 605
12.0 606
12.0167 607
12.0333 607
12.05 608
12.0667 608
12.0833 609
12.1 610
12.1167 610
12.1333 611
12.15 611
12.1667 612
12.1833 612
12.2 613
12.2167 613
12.2333 613
12.25 614
12.2667 614
12.2833 615
12.3 615
12.3167 615
12.3333 616
12.35 616
12.3667 616
12.3833 616
12.4 617
12.4167 617
12.4333 617
12.45 617
12.4667 617
12.4833 618
12.5 618
12.5167 618
12.5333 618
12.55 618
12.5667 618
12.5833 618
12.6 618
12.6167 618
12.6333 618
12.65 618
12.6667 618
12.6833 618
12.7 618
12.7167 618
12.7333 617
12.75 617
12.7667 617
12.7833 617
12.8 617
12.8167 616
12.8333 616
12.85 616
12.8667 616
12.8833 615
12.9 615
12.9167 615
12.9333 614
12.95 614
12.9667 613
12.9833 613
13.0 613
13.0167 612
13.0333 612
13.05 611
13.0667 611
13.0833 610
13.1 610
13.1167 609
13.1333 608
13.15 608
13.1667 607
13.1833 606
13.2 606
13.2167 605
13.2333 604
13.25 604
13.2667 603
13.2833 602
13.3 601
13.3167 601
13.3333 600
13.35 599
13.3667 598
13.3833 597
13.4 596
13.4167 596
13.4333 595
13.45 594
13.4667 593
13.4833 592
13.5 591
13.5167 590
13.5333 589
13.55 588
13.5667 587
13.5833 586
13.6 584
13.6167 583
13.6333 582
13.65 581
13.6667 580
13.6833 579
13.7 577
13.7167 576
13.7333 575
13.75 574
13.7667 572
13.7833 571
13.8 570
13.8167 569
13.8333 567
13.85 566
13.8667 564
13.8833 563
13.9 562
13.9167 560
13.9333 559
13.95 557
13.9667 556
13.9833 554
14.0 553
14.0167 551
14.0333 550
14.05 548
14.0667 547
14.0833 545
14.1 543
14.1167 542
14.1333 540
14.15 538
14.1667 537
14.1833 535
14.2 533
14.2167 532
14.2333 530
14.25 528
14.2667 526
14.2833 524
14.3 523
14.3167 521
14.3333 519
14.35 517
14.3667 515
14.3833 513
14.4 511
14.4167 509
14.4333 508
14.45 506
14.4667 504
14.4833 502
14.5 500
14.5167 498
14.5333 496
14.55 494
14.5667 491
14.5833 489
14.6 487
14.6167 485
14.6333 483
14.65 481
14.6667 479
14.6833 477
14.7 474
14.7167 472
14.7333 470
14.75 468
14.7667 466
14.7833 463
14.8 461
14.8167 459
14.8333 457
14.85 454
14.8667 452
14.8833 450
14.9 447
14.9167 445
14.9333 443
14.95 440
14.9667 438
14.9833 435
15.0 433
15.0167 431
15.0333 428
15.05 426
15.0667 423
15.0833 421
15.1 418
15.1167 416
15.1333 413
15.15 411
15.1667 408
15.1833 406
15.2 403
15.2167 400
15.2333 398
15.25 395
15.2667 393
15.2833 390
15.3 387
15.3167 385
15.3333 382
15.35 379
15.3667 377
15.3833 374
15.4 371
15.4167 369
15.4333 366
15.45 363
15.4667 361
15.4833 358
15.5 355
15.5167 352
15.5333 349
15.55 347
15.5667 344
15.5833 341
15.6 338
15.6167 335
15.6333 333
15.65 330
15.6667 327
15.6833 324
15.7 321
15.7167 318
15.7333 316
15.75 313
15.7667 310
15.7833 307
15.8 304
15.8167 301
15.8333 298
15.85 295
15.8667 292
15.8833 289
15.9 287
15.9167 284
15.9333 281
15.95 278
15.9667 275
15.9833 272
