9.0 190
9.0167 193
9.0333 196
9.05 199
9.0667 202
9.0833 205
9.1 208
9.1167 210
9.1333 213
9.15 216
9.1667 219
9.1833 222
9.2 225
9.2167 228
9.2333 231
9.25 233
9.2667 236
9.2833 239
9.3 242
9.3167 245
9.3333 248
9.35 251
9.3667 254
9.3833 256
9.4 259
9.4167 262
9.4333 265
9.45 268
9.4667 271
9.4833 274
9.5 276
9.5167 279
9.5333 282
9.55 285
9.5667 288
9.5833 291
9.6 294
9.6167 296
9.6333 299
9.65 302
9.6667 305
9.6833 308
9.7 310
9.7167 313
9.7333 316
9.75 319
9.7667 322
9.7833 324
9.8 327
9.8167 330
9.8333 333
9.85 336
9.8667 338
9.8833 341
9.9 344
9.9167 346
9.9333 349
9.95 352
9.9667 355
9.9833 357
10.0 360
10.0167 363
10.0333 365
10.05 368
10.0667 371
10.0833 373
10.1 376
10.1167 379
10.1333 381
10.15 384
10.1667 386
10.1833 389
10.2 392
10.2167 394
10.2333 397
10.25 399
10.2667 402
10.2833 404
10.3 407
10.3167 409
10.3333 412
10.35 414
10.3667 417
10.3833 419
10.4 422
10.4167 424
10.4333 427
10.45 429
10.4667 431
10.4833 434
10.5 436
10.5167 438
10.5333 441
10.55 443
10.5667 445
10.5833 448
10.6 450
10.6167 452
10.6333 455
10.65 457
10.6667 459
10.6833 461
10.7 464
10.7167 466
10.7333 468
10.75 470
10.7667 472
10.7833 475
10.8 477
10.8167 479
10.8333 481
10.85 483
10.8667 485
10.8833 487
10.9 489
10.9167 491
10.9333 493
10.95 495
10.9667 497
10.9833 499
11.0 501
11.0167 503
11.0333 505
11.05 507
11.0667 509
11.0833 511
11.1 513
11.1167 515
11.1333 516
11.15 518
11.1667 520
11.1833 522
11.2 524
11.2167 525
11.2333 527
11.25 529
11.2667 531
11.2833 532
11.3 534
11.3167 536
11.3333 537
11.35 539
11.3667 541
11.3833 542
11.4 544
11.4167 545
11.4333 547
11.45 548
11.4667 550
11.4833 551
11.5 553
11.5167 554
11.5333 556
11.55 557
11.5667 559
11.5833 560
11.6 561
11.6167 563
11.6333 564
11.65 566
11.6667 567
11.6833 568
11.7 569
11.7167 571
11.7333 572
11.75 573
11.7667 574
11.7833 576
11.8 577
11.8167 578
11.8333 579
11.85 580
11.8667 581
11.8833 582
11.9 583
11.9167 584
11.9333 585
11.95 586
11.9667 587
11.9833 588
12.0 589
12.0167 590
12.0333 591
12.05 592
12.0667 593
12.0833 594
12.1 595
12.1167 596
12.1333 596
12.15 597
12.1667 598
12.1833 599
12.2 600
12.2167 600
12.2333 601
12.25 602
12.2667 602
12.2833 603
12.3 604
12.3167 604
12.3333 605
12.35 605
12.3667 606
12.3833 606
12.4 607
12.4167 607
12.4333 608
12.45 608
12.4667 609
12.4833 609
12.5 610
12.5167 610
12.5333 610
12.55 611
12.5667 611
12.5833 611
12.6 612
12.6167 612
12.6333 612
12.65 613
12.6667 613
12.6833 613
12.7 613
12.7167 613
12.7333 613
12.75 614
12.7667 614
12.7833 614
12.8 614
12.8167 614
12.8333 614
12.85 614
12.8667 614
12.8833 614
12.9 614
12.9167 614
12.9333 614
12.95 614
12.9667 613
12.9833 613
13.0 613
13.0167 613
13.0333 613
13.05 613
13.0667 612
13.0833 612
13.1 612
13.1167 612
13.1333 611
13.15 611
13.1667 611
13.1833 610
13.2 610
13.2167 609
13.2333 609
13.25 609
13.2667 608
13.2833 608
13.3 607
13.3167 607
13.3333 606
13.35 605
13.3667 605
13.3833 604
13.4 604
13.4167 603
13.4333 602
13.45 602
13.4667 601
13.4833 600
13.5 600
13.5167 599
13.5333 598
13.55 597
13.5667 597
13.5833 596
13.6 595
13.6167 594
13.6333 593
13.65 592
13.6667 591
13.6833 591
13.7 590
13.7167 589
13.7333 588
13.75 587
13.7667 586
13.7833 585
13.8 584
13.8167 583
13.8333 581
13.85 580
13.8667 579
13.8833 578
13.9 577
13.9167 576
13.9333 575
13.95 573
13.9667 572
13.9833 571
14.0 570
14.0167 568
14.0333 567
14.05 566
14.0667 564
14.0833 563
14.1 562
14.1167 560
14.1333 559
14.15 558
14.1667 556
14.1833 555
14.2 553
14.2167 552
14.2333 550
14.25 549
14.2667 547
14.2833 546
14.3 544
14.3167 542
14.3333 541
14.35 539
14.3667 538
14.3833 536
14.4 534
14.4167 533
14.4333 531
14.45 529
14.4667 527
14.4833 526
14.5 524
14.5167 522
14.5333 520
14.55 519
14.5667 517
14.5833 515
14.6 513
14.6167 511
14.6333 509
14.65 507
14.6667 505
14.6833 504
14.7 502
14.7167 500
14.7333 498
14.75 496
14.7667 494
14.7833 492
14.8 490
14.8167 488
14.8333 485
14.85 483
14.8667 481
14.8833 479
14.9 477
14.9167 475
14.9333 473
14.95 471
14.9667 468
14.9833 466
15.0 465
15.0167 463
15.0333 460
15.05 458
15.0667 456
15.0833 454
15.1 451
15.1167 449
15.1333 447
15.15 444
15.1667 442
15.1833 440
15.2 437
15.2167 435
15.2333 433
15.25 430
15.2667 428
15.2833 425
15.3 423
15.3167 420
15.3333 418
15.35 416
15.3667 413
15.3833 411
15.4 408
15.4167 406
15.4333 403
15.45 401
15.4667 398
15.4833 395
15.5 393
15.5167 390
15.5333 388
15.55 385
15.5667 382
15.5833 380
15.6 377
15.6167 375
15.6333 372
15.65 369
15.6667 367
15.6833 364
15.7 361
15.7167 359
15.7333 356
15.75 353
15.7667 350
15.7833 348
15.8 345
15.8167 342
15.8333 340
15.85 337
15.8667 334
15.8833 331
15.9 329
15.9167 326
15.9333 323
15.95 320
15.9667 317
15.9833 315
