9.0 212
9.0167 215
9.0333 218
9.05 221
9.0667 224
9.0833 227
9.1 230
9.1167 233
9.1333 236
9.15 239
9.1667 242
9.1833 246
9.2 249
9.2167 252
9.2333 255
9.25 258
9.2667 261
9.2833 264
9.3 267
9.3167 270
9.3333 273
9.35 276
9.3667 279
9.3833 282
9.4 286
9.4167 289
9.4333 292
9.45 295
9.4667 298
9.4833 301
9.5 304
9.5167 307
9.5333 310
9.55 313
9.5667 316
9.5833 319
9.6 322
9.6167 325
9.6333 328
9.65 331
9.6667 334
9.6833 337
9.7 340
9.7167 343
9.7333 346
9.75 348
9.7667 351
9.7833 354
9.8 357
9.8167 360
9.8333 363
9.85 366
9.8667 369
9.8833 372
9.9 374
9.9167 377
9.9333 380
9.95 383
9.9667 386
9.9833 389
10.0 391
10.0167 394
10.0333 397
10.05 400
10.0667 402
10.0833 405
10.1 408
10.1167 411
10.1333 413
10.15 416
10.1667 419
10.1833 421
10.2 424
10.2167 427
10.2333 429
10.25 432
10.2667 435
10.2833 437
10.3 440
10.3167 442
10.3333 445
10.35 448
10.3667 450
10.3833 453
10.4 455
10.4167 458
10.4333 460
10.45 463
10.4667 465
10.4833 468
10.5 470
10.5167 472
10.5333 475
10.55 477
10.5667 480
10.5833 482
10.6 484
10.6167 487
10.6333 489
10.65 491
10.6667 494
10.6833 496
10.7 498
10.7167 500
10.7333 503
10.75 505
10.7667 507
10.7833 509
10.8 511
10.8167 514
10.8333 516
10.85 518
10.8667 520
10.8833 522
10.9 524
10.9167 526
10.9333 528
10.95 530
10.9667 532
10.9833 534
11.0 536
11.0167 538
11.0333 540
11.05 542
11.0667 544
11.0833 546
11.1 548
11.1167 550
11.1333 552
11.15 554
11.1667 555
11.1833 557
11.2 559
11.2167 561
11.2333 563
11.25 564
11.2667 566
11.2833 568
11.3 569
11.3167 571
11.3333 573
11.35 574
11.3667 576
11.3833 578
11.4 579
11.4167 581
11.4333 582
11.45 584
11.4667 585
11.4833 587
11.5 588
11.5167 590
11.5333 591
11.55 593
11.5667 594
11.5833 596
11.6 597
11.6167 598
11.6333 600
11.65 601
11.6667 602
11.6833 604
11.7 605
11.7167 606
11.7333 607
11.75 609
11.7667 610
11.7833 611
11.8 612
11.8167 613
11.8333 614
11.85 615
11.8667 617
11.8833 618
11.9 619
11.9167 620
11.9333 621
11.95 622
11.9667 623
11.9833 624
12.0 625
12.0167 626
12.0333 626
12.05 627
12.0667 628
12.0833 629
12.1 630
12.1167 631
12.1333 632
12.15 632
12.1667 633
12.1833 634
12.2 634
12.2167 635
12.2333 636
12.25 637
12.2667 637
12.2833 638
12.3 638
12.3167 639
12.3333 640
12.35 640
12.3667 641
12.3833 641
12.4 642
12.4167 642
12.4333 643
12.45 643
12.4667 643
12.4833 644
12.5 644
12.5167 645
12.5333 645
12.55 645
12.5667 645
12.5833 646
12.6 646
12.6167 646
12.6333 646
12.65 647
12.6667 647
12.6833 647
12.7 647
12.7167 647
12.7333 647
12.75 647
12.7667 648
12.7833 648
12.8 648
12.8167 648
12.8333 648
12.85 648
12.8667 648
12.8833 647
12.9 647
12.9167 647
12.9333 647
12.95 647
12.9667 647
12.9833 647
13.0 646
13.0167 646
13.0333 646
13.05 646
13.0667 645
13.0833 645
13.1 645
13.1167 644
13.1333 644
13.15 644
13.1667 643
13.1833 643
13.2 642
13.2167 642
13.2333 642
13.25 641
13.2667 641
13.2833 640
13.3 639
13.3167 639
13.3333 638
13.35 638
13.3667 637
13.3833 636
13.4 636
13.4167 635
13.4333 634
13.45 634
13.4667 633
13.4833 632
13.5 631
13.5167 631
13.5333 630
13.55 629
13.5667 628
13.5833 627
13.6 626
13.6167 625
13.6333 625
13.65 624
13.6667 623
13.6833 622
13.7 621
13.7167 620
13.7333 619
13.75 617
13.7667 616
13.7833 615
13.8 614
13.8167 613
13.8333 612
13.85 611
13.8667 610
13.8833 608
13.9 607
13.9167 606
13.9333 605
13.95 603
13.9667 602
13.9833 601
14.0 599
14.0167 598
14.0333 597
14.05 595
14.0667 594
14.0833 593
14.1 591
14.1167 590
14.1333 588
14.15 587
14.1667 585
14.1833 584
14.2 582
14.2167 581
14.2333 579
14.25 577
14.2667 576
14.2833 574
14.3 572
14.3167 571
14.3333 569
14.35 567
14.3667 566
14.3833 564
14.4 562
14.4167 560
14.4333 559
14.45 557
14.4667 555
14.4833 553
14.5 551
14.5167 550
14.5333 548
14.55 546
14.5667 544
14.5833 542
14.6 540
14.6167 538
14.6333 536
14.65 534
14.6667 532
14.6833 530
14.7 528
14.7167 526
14.7333 524
14.75 522
14.7667 520
14.7833 518
14.8 515
14.8167 513
14.8333 511
14.85 509
14.8667 507
14.8833 504
14.9 502
14.9167 500
14.9333 498
14.95 496
14.9667 493
14.9833 491
15.0 489
15.0167 487
15.0333 485
15.05 482
15.0667 480
15.0833 478
15.1 475
15.1167 473
15.1333 470
15.15 468
15.1667 465
15.1833 463
15.2 461
15.2167 458
15.2333 456
15.25 453
15.2667 450
15.2833 448
15.3 445
15.3167 443
15.3333 440
15.35 438
15.3667 435
15.3833 432
15.4 430
15.4167 427
15.4333 424
15.45 422
15.4667 419
15.4833 416
15.5 414
15.5167 411
15.5333 408
15.55 406
15.5667 403
15.5833 400
15.6 397
15.6167 395
15.6333 392
15.65 389
15.6667 386
15.6833 383
15.7 380
15.7167 378
15.7333 375
15.75 372
15.7667 369
15.7833 366
15.8 363
15.8167 360
15.8333 358
15.85 355
15.8667 352
15.8833 349
15.9 346
15.9167 343
15.9333 340
15.95 337
15.9667 334
15.9833 331
