9.0 184
9.0167 187
9.0333 190
9.05 192
9.0667 195
9.0833 198
9.1 201
9.1167 203
9.1333 206
9.15 209
9.1667 212
9.1833 215
9.2 217
9.2167 220
9.2333 223
9.25 226
9.2667 228
9.2833 231
9.3 234
9.3167 237
9.3333 240
9.35 242
9.3667 245
9.3833 248
9.4 251
9.4167 254
9.4333 256
9.45 259
9.4667 262
9.4833 265
9.5 268
9.5167 270
9.5333 273
9.55 276
9.5667 279
9.5833 281
9.6 284
9.6167 287
9.6333 290
9.65 292
9.6667 295
9.6833 298
9.7 301
9.7167 303
9.7333 306
9.75 309
9.7667 311
9.7833 314
9.8 317
9.8167 320
9.8333 322
9.85 325
9.8667 328
9.8833 330
9.9 333
9.9167 336
9.9333 338
9.95 341
9.9667 344
9.9833 346
10.0 349
10.0167 351
10.0333 354
10.05 357
10.0667 359
10.0833 362
10.1 364
10.1167 367
10.1333 369
10.15 372
10.1667 374
10.1833 377
10.2 379
10.2167 382
10.2333 384
10.25 387
10.2667 389
10.2833 392
10.3 394
10.3167 397
10.3333 399
10.35 402
10.3667 404
10.3833 406
10.4 409
10.4167 411
10.4333 414
10.45 416
10.4667 418
10.4833 421
10.5 423
10.5167 425
10.5333 427
10.55 430
10.5667 432
10.5833 434
10.6 436
10.6167 439
10.6333 441
10.65 443
10.6667 445
10.6833 447
10.7 450
10.7167 452
10.7333 454
10.75 456
10.7667 458
10.7833 460
10.8 462
10.8167 464
10.8333 466
10.85 468
10.8667 470
10.8833 472
10.9 474
10.9167 476
10.9333 478
10.95 480
10.9667 482
10.9833 484
11.0 486
11.0167 488
11.0333 490
11.05 492
11.0667 494
11.0833 495
11.1 497
11.1167 499
11.1333 501
11.15 503
11.1667 504
11.1833 506
11.2 508
11.2167 510
11.2333 511
11.25 513
11.2667 515
11.2833 516
11.3 518
11.3167 519
11.3333 521
11.35 523
11.3667 524
11.3833 526
11.4 527
11.4167 529
11.4333 530
11.45 532
11.4667 533
11.4833 535
11.5 536
11.5167 538
11.5333 539
11.55 540
11.5667 542
11.5833 543
11.6 544
11.6167 546
11.6333 547
11.65 548
11.6667 550
11.6833 551
11.7 552
11.7167 553
11.7333 554
11.75 556
11.7667 557
11.7833 558
11.8 559
11.8167 560
11.8333 561
11.85 562
11.8667 563
11.8833 564
11.9 565
11.9167 566
11.9333 567
11.95 568
11.9667 569
11.9833 570
12.0 571
12.0167 572
12.0333 573
12.05 574
12.0667 575
12.0833 575
12.1 576
12.1167 577
12.1333 578
12.15 579
12.1667 579
12.1833 580
12.2 581
12.2167 581
12.2333 582
12.25 583
12.2667 583
12.2833 584
12.3 585
12.3167 585
12.3333 586
12.35 586
12.3667 587
12.3833 587
12.4 588
12.4167 588
12.4333 589
12.45 589
12.4667 589
12.4833 590
12.5 590
12.5167 591
12.5333 591
12.55 591
12.5667 591
12.5833 592
12.6 592
12.6167 592
12.6333 592
12.65 593
12.6667 593
12.6833 593
12.7 593
12.7167 593
12.7333 593
12.75 593
12.7667 594
12.7833 594
12.8 594
12.8167 594
12.8333 594
12.85 594
12.8667 594
12.8833 594
12.9 593
12.9167 593
12.9333 593
12.95 593
12.9667 593
12.9833 593
13.0 593
13.0167 592
13.0333 592
13.05 592
13.0667 592
13.0833 591
13.1 591
13.1167 591
13.1333 590
13.15 590
13.1667 590
13.1833 589
13.2 589
13.2167 588
13.2333 588
13.25 588
13.2667 587
13.2833 587
13.3 586
13.3167 585
13.3333 585
13.35 584
13.3667 584
13.3833 583
13.4 582
13.4167 582
13.4333 581
13.45 580
13.4667 580
13.4833 579
13.5 578
13.5167 578
13.5333 577
13.55 576
13.5667 575
13.5833 574
13.6 573
13.6167 573
13.6333 572
13.65 571
13.6667 570
13.6833 569
13.7 568
13.7167 567
13.7333 566
13.75 565
13.7667 564
13.7833 563
13.8 562
13.8167 561
13.8333 560
13.85 559
13.8667 557
13.8833 556
13.9 555
13.9167 554
13.9333 553
13.95 552
13.9667 550
13.9833 549
14.0 548
14.0167 546
14.0333 545
14.05 544
14.0667 543
14.0833 541
14.1 540
14.1167 538
14.1333 537
14.15 536
14.1667 534
14.1833 533
14.2 531
14.2167 530
14.2333 528
14.25 527
14.2667 525
14.2833 524
14.3 522
14.3167 520
14.3333 519
14.35 517
14.3667 516
14.3833 514
14.4 512
14.4167 511
14.4333 509
14.45 507
14.4667 505
14.4833 504
14.5 502
14.5167 500
14.5333 498
14.55 497
14.5667 495
14.5833 493
14.6 491
14.6167 489
14.6333 487
14.65 485
14.6667 483
14.6833 482
14.7 480
14.7167 478
14.7333 476
14.75 474
14.7667 472
14.7833 470
14.8 468
14.8167 466
14.8333 464
14.85 461
14.8667 459
14.8833 457
14.9 455
14.9167 453
14.9333 451
14.95 449
14.9667 447
14.9833 444
15.0 443
15.0167 441
15.0333 439
15.05 436
15.0667 434
15.0833 432
15.1 430
15.1167 427
15.1333 425
15.15 423
15.1667 420
15.1833 418
15.2 416
15.2167 413
15.2333 411
15.25 409
15.2667 406
15.2833 404
15.3 401
15.3167 399
15.3333 397
15.35 394
15.3667 392
15.3833 389
15.4 387
15.4167 384
15.4333 382
15.45 379
15.4667 377
15.4833 374
15.5 372
15.5167 369
15.5333 367
15.55 364
15.5667 361
15.5833 359
15.6 356
15.6167 354
15.6333 351
15.65 349
15.6667 346
15.6833 343
15.7 341
15.7167 338
15.7333 335
15.75 333
15.7667 330
15.7833 327
15.8 325
15.8167 322
15.8333 319
15.85 317
15.8667 314
15.8833 311
15.9 308
15.9167 306
15.9333 303
15.95 300
15.9667 298
15.9833 295
