9.0 385
9.0167 387
9.0333 390
9.05 394
9.0667 397
9.0833 401
9.1 404
9.1167 407
9.1333 410
9.15 414
9.1667 417
9.1833 420
9.2 424
9.2167 427
9.2333 430
9.25 433
9.2667 437
9.2833 440
9.3 443
9.3167 446
9.3333 449
9.35 453
9.3667 456
9.3833 459
9.4 462
9.4167 465
9.4333 468
9.45 472
9.4667 475
9.4833 478
9.5 481
9.5167 484
9.5333 487
9.55 490
9.5667 493
9.5833 496
9.6 499
9.6167 502
9.6333 505
9.65 508
9.6667 511
9.6833 514
9.7 517
9.7167 520
9.7333 523
9.75 525
9.7667 528
9.7833 531
9.8 534
9.8167 537
9.8333 540
9.85 543
9.8667 545
9.8833 548
9.9 551
9.9167 554
9.9333 556
9.95 559
9.9667 562
9.9833 564
10.0 567
10.0167 570
10.0333 572
10.05 575
10.0667 578
10.0833 580
10.1 583
10.1167 585
10.1333 588
10.15 591
10.1667 593
10.1833 596
10.2 598
10.2167 601
10.2333 603
10.25 605
10.2667 608
10.2833 610
10.3 613
10.3167 615
10.3333 617
10.35 620
10.3667 622
10.3833 624
10.4 627
10.4167 629
10.4333 631
10.45 633
10.4667 636
10.4833 638
10.5 640
10.5167 642
10.5333 644
10.55 647
10.5667 649
10.5833 651
10.6 653
10.6167 655
10.6333 657
10.65 659
10.6667 661
10.6833 663
10.7 665
10.7167 667
10.7333 669
10.75 671
10.7667 673
10.7833 675
10.8 677
10.8167 679
10.8333 680
10.85 682
10.8667 684
10.8833 686
10.9 688
10.9167 689
10.9333 691
10.95 693
10.9667 695
10.9833 696
11.0 698
11.0167 700
11.0333 701
11.05 703
11.0667 704
11.0833 706
11.1 708
11.1167 709
11.1333 711
11.15 712
11.1667 714
11.1833 715
11.2 716
11.2167 718
11.2333 719
11.25 721
11.2667 722
11.2833 723
11.3 725
11.3167 726
11.3333 727
11.35 729
11.3667 730
11.3833 731
11.4 732
11.4167 733
11.4333 735
11.45 736
11.4667 737
11.4833 738
11.5 739
11.5167 740
11.5333 741
11.55 742
11.5667 743
11.5833 744
11.6 745
11.6167 746
11.6333 747
11.65 748
11.6667 749
11.6833 750
11.7 751
11.7167 752
11.7333 752
11.75 753
11.7667 754
11.7833 755
11.8 756
11.8167 756
11.8333 757
11.85 758
11.8667 758
11.8833 759
11.9 760
11.9167 760
11.9333 761
11.95 761
11.9667 762
11.9833 762
12.0 763
12.0167 763
12.0333 764
12.05 764
12.0667 765
12.0833 765
12.1 766
12.1167 766
12.1333 766
12.15 767
12.1667 767
12.1833 767
12.2 767
12.2167 768
12.2333 768
12.25 768
12.2667 768
12.2833 768
12.3 769
12.3167 769
12.3333 769
12.35 769
12.3667 769
12.3833 769
12.4 769
12.4167 769
12.4333 769
12.45 769
12.4667 769
12.4833 769
12.5 769
12.5167 769
12.5333 768
12.55 768
12.5667 768
12.5833 768
12.6 768
12.6167 767
12.6333 767
12.65 767
12.6667 767
12.6833 766
12.7 766
12.7167 766
12.7333 765
12.75 765
12.7667 764
12.7833 764
12.8 763
12.8167 763
12.8333 763
12.85 762
12.8667 761
12.8833 761
12.9 760
12.9167 760
12.9333 759
12.95 758
12.9667 758
12.9833 757
13.0 756
13.0167 756
13.0333 755
13.05 754
13.0667 753
13.0833 753
13.1 752
13.1167 751
13.1333 750
13.15 749
13.1667 748
13.1833 747
13.2 746
13.2167 745
13.2333 745
13.25 743
13.2667 742
13.2833 741
13.3 740
13.3167 739
13.3333 738
13.35 737
13.3667 736
13.3833 735
13.4 734
13.4167 732
13.4333 731
13.45 730
13.4667 729
13.4833 728
13.5 726
13.5167 725
13.5333 724
13.55 722
13.5667 721
13.5833 719
13.6 718
13.6167 717
13.6333 715
13.65 714
13.6667 712
13.6833 711
13.7 709
13.7167 708
13.7333 706
13.75 705
13.7667 703
13.7833 701
13.8 700
13.8167 698
13.8333 696
13.85 695
13.8667 693
13.8833 691
13.9 690
13.9167 688
13.9333 686
13.95 684
13.9667 683
13.9833 681
14.0 679
14.0167 677
14.0333 675
14.05 673
14.0667 671
14.0833 669
14.1 667
14.1167 665
14.1333 663
14.15 661
14.1667 659
14.1833 657
14.2 655
14.2167 653
14.2333 651
14.25 649
14.2667 647
14.2833 645
14.3 643
14.3167 640
14.3333 638
14.35 636
14.3667 634
14.3833 632
14.4 629
14.4167 627
14.4333 625
14.45 622
14.4667 620
14.4833 618
14.5 615
14.5167 613
14.5333 611
14.55 608
14.5667 606
14.5833 603
14.6 601
14.6167 598
14.6333 596
14.65 593
14.6667 591
14.6833 588
14.7 586
14.7167 583
14.7333 581
14.75 578
14.7667 575
14.7833 573
14.8 570
14.8167 567
14.8333 565
14.85 562
14.8667 559
14.8833 557
14.9 554
14.9167 551
14.9333 548
14.95 546
14.9667 543
14.9833 540
15.0 536
15.0167 534
15.0333 531
15.05 528
15.0667 525
15.0833 522
15.1 519
15.1167 516
15.1333 513
15.15 510
15.1667 507
15.1833 505
15.2 502
15.2167 499
15.2333 496
15.25 493
15.2667 489
15.2833 486
15.3 483
15.3167 480
15.3333 477
15.35 474
15.3667 471
15.3833 468
15.4 465
15.4167 462
15.4333 459
15.45 455
15.4667 452
15.4833 449
15.5 446
15.5167 443
15.5333 439
15.55 436
15.5667 433
15.5833 430
15.6 426
15.6167 423
15.6333 420
15.65 417
15.6667 413
15.6833 410
15.7 407
15.7167 403
15.7333 400
15.75 397
15.7667 393
15.7833 390
15.8 387
15.8167 383
15.8333 380
15.85 377
15.8667 373
15.8833 370
15.9 366
15.9167 363
15.9333 360
15.95 356
15.9667 353
15.9833 349
