9.0 231
9.0167 233
9.0333 236
9.05 239
9.0667 242
9.0833 245
9.1 248
9.1167 251
9.1333 254
9.15 257
9.1667 260
9.1833 263
9.2 266
9.2167 269
9.2333 272
9.25 275
9.2667 278
9.2833 280
9.3 283
9.3167 286
9.3333 289
9.35 292
9.3667 295
9.3833 298
9.4 301
9.4167 304
9.4333 307
9.45 309
9.4667 312
9.4833 315
9.5 318
9.5167 321
9.5333 324
9.55 327
9.5667 329
9.5833 332
9.6 335
9.6167 338
9.6333 341
9.65 343
9.6667 346
9.6833 349
9.7 352
9.7167 354
9.7333 357
9.75 360
9.7667 363
9.7833 365
9.8 368
9.8167 371
9.8333 373
9.85 376
9.8667 379
9.8833 381
9.9 384
9.9167 387
9.9333 389
9.95 392
9.9667 395
9.9833 397
10.0 400
10.0167 402
10.0333 405
10.05 407
10.0667 410
10.0833 412
10.1 415
10.1167 418
10.1333 420
10.15 422
10.1667 425
10.1833 427
10.2 430
10.2167 432
10.2333 435
10.25 437
10.2667 439
10.2833 442
10.3 444
10.3167 447
10.3333 449
10.35 451
10.3667 454
10.3833 456
10.4 458
10.4167 460
10.4333 463
10.45 465
10.4667 467
10.4833 469
10.5 472
10.5167 474
10.5333 476
10.55 478
10.5667 480
10.5833 482
10.6 484
10.6167 487
10.6333 489
10.65 491
10.6667 493
10.6833 495
10.7 497
10.7167 499
10.7333 501
10.75 503
10.7667 505
10.7833 507
10.8 509
10.8167 511
10.8333 512
10.85 514
10.8667 516
10.8833 518
10.9 520
10.9167 522
10.9333 523
10.95 525
10.9667 527
10.9833 529
11.0 531
11.0167 532
11.0333 534
11.05 536
11.0667 537
11.0833 539
11.1 541
11.1167 542
11.1333 544
11.15 545
11.1667 547
11.1833 549
11.2 550
11.2167 552
11.2333 553
11.25 555
11.2667 556
11.2833 558
11.3 559
11.3167 560
11.3333 562
11.35 563
11.3667 565
11.3833 566
11.4 567
11.4167 569
11.4333 570
11.45 571
11.4667 573
11.4833 574
11.5 575
11.5167 576
11.5333 577
11.55 579
11.5667 580
11.5833 581
11.6 582
11.6167 583
11.6333 584
11.65 585
11.6667 586
11.6833 587
11.7 588
11.7167 589
11.7333 590
11.75 591
11.7667 592
11.7833 593
11.8 594
11.8167 595
11.8333 596
11.85 597
11.8667 598
11.8833 598
11.9 599
11.9167 600
11.9333 601
11.95 601
11.9667 602
11.9833 603
12.0 604
12.0167 604
12.0333 605
12.05 605
12.0667 606
12.0833 607
12.1 607
12.1167 608
12.1333 608
12.15 609
12.1667 609
12.1833 610
12.2 610
12.2167 611
12.2333 611
12.25 612
12.2667 612
12.2833 612
12.3 613
12.3167 613
12.3333 613
12.35 614
12.3667 614
12.3833 614
12.4 614
12.4167 615
12.4333 615
12.45 615
12.4667 615
12.4833 615
12.5 615
12.5167 615
12.5333 616
12.55 616
12.5667 616
12.5833 616
12.6 616
12.6167 616
12.6333 616
12.65 616
12.6667 616
12.6833 615
12.7 615
12.7167 615
12.7333 615
12.75 615
12.7667 615
12.7833 615
12.8 614
12.8167 614
12.8333 614
12.85 614
12.8667 613
12.8833 613
12.9 613
12.9167 612
12.9333 612
12.95 612
12.9667 611
12.9833 611
13.0 610
13.0167 610
13.0333 609
13.05 609
13.0667 608
13.0833 608
13.1 607
13.1167 607
13.1333 606
13.15 605
13.1667 605
13.1833 604
13.2 603
13.2167 603
13.2333 602
13.25 601
13.2667 601
13.2833 600
13.3 599
13.3167 598
13.3333 597
13.35 597
13.3667 596
13.3833 595
13.4 594
13.4167 593
13.4333 592
13.45 591
13.4667 590
13.4833 589
13.5 588
13.5167 587
13.5333 586
13.55 585
13.5667 584
13.5833 583
13.6 582
13.6167 581
13.6333 580
13.65 579
13.6667 577
13.6833 576
13.7 575
13.7167 574
13.7333 572
13.75 571
13.7667 570
13.7833 569
13.8 567
13.8167 566
13.8333 565
13.85 563
13.8667 562
13.8833 560
13.9 559
13.9167 558
13.9333 556
13.95 555
13.9667 553
13.9833 552
14.0 550
14.0167 549
14.0333 547
14.05 545
14.0667 544
14.0833 542
14.1 541
14.1167 539
14.1333 537
14.15 536
14.1667 534
14.1833 532
14.2 531
14.2167 529
14.2333 527
14.25 525
14.2667 523
14.2833 522
14.3 520
14.3167 518
14.3333 516
14.35 514
14.3667 512
14.3833 511
14.4 509
14.4167 507
14.4333 505
14.45 503
14.4667 501
14.4833 499
14.5 497
14.5167 495
14.5333 493
14.55 491
14.5667 489
14.5833 486
14.6 484
14.6167 482
14.6333 480
14.65 478
14.6667 476
14.6833 474
14.7 471
14.7167 469
14.7333 467
14.75 465
14.7667 463
14.7833 460
14.8 458
14.8167 456
14.8333 454
14.85 451
14.8667 449
14.8833 447
14.9 444
14.9167 442
14.9333 439
14.95 437
14.9667 435
14.9833 432
15.0 430
15.0167 427
15.0333 425
15.05 423
15.0667 420
15.0833 418
15.1 415
15.1167 413
15.1333 410
15.15 408
15.1667 405
15.1833 402
15.2 400
15.2167 397
15.2333 395
15.25 392
15.2667 389
15.2833 387
15.3 384
15.3167 382
15.3333 379
15.35 376
15.3667 374
15.3833 371
15.4 368
15.4167 366
15.4333 363
15.45 360
15.4667 357
15.4833 355
15.5 352
15.5167 349
15.5333 346
15.55 344
15.5667 341
15.5833 338
15.6 335
15.6167 332
15.6333 330
15.65 327
15.6667 324
15.6833 321
15.7 318
15.7167 315
15.7333 312
15.75 310
15.7667 307
15.7833 304
15.8 301
15.8167 298
15.8333 295
15.85 292
15.8667 289
15.8833 287
15.9 284
15.9167 281
15.9333 278
15.95 275
15.9667 272
15.9833 269
