150111
150112
150117
150120
150127
150129
150204
150207
150208
150209
150210
150211
150218
150219
150220
150225
150226
150303
150312
150322
150323
150324
150327
150328
150329
150330
150402
150423
150426
150428
150429
150430
150501
150508
150509
150515
150516
150525
150602
150604
150626
150712
150713
150714
150715
150716
150718
150719
150721
150723
150724
150726
150727
150728
150729
150730
150802
150804
150805
150806
150807
150808
150809
150810
150811
150816
150818
150821
150823
150827
150828
150829
150831
150901
151011
151012
151014
151015
151026
151027
151028
151102
151122
151123
151124
151203
151204
151209
151210
151211
151214
151216
151224
151225
151228
160107
160109
160110
160111
160112
160115
160116
160117
160118
160119
160120
160121
160122
160123
160124
160128
160129
160131
160201
160202
160203
160204
160206
160210
160211
160212
160213
160214
160215
160216
160219
160223
160225
160229
160301
160302
160303
160312
160313
160322
160323
160327
160403
160404
160405
160417
160421
160424
160425
160426
160427
160428
160430
160504
160506
160516
160517
160614
160622
160706
160707
160708
160709
160714
160716
160717
160722
160723
160724
160802
160803
160804
160823
160825
160826
160908
160909
160910
160912
160919
160920
160921
160922
160923
161004
161011
161012
161018
161029
161031
161101
161115
161116
161117
161118
161120
161121
161128
161130
161201
161206
161207
161211
161212
161213
161216
161217
161220
161221
170103
170105
170109
170111
170112
170113
170119
170121
170122
170123
170124
170130
170201
170202
170207
170209
170210
170211
170212
170217
170218
170220
170221
170222
170223
170224
170227
170318
170320
170321
170322
170324
170327
170329
170330
170331
170401
170402
170403
170405
170419
170420
170421
170425
170426
170427
170428
170430
170501
170503
170505
170506
170514
170618
170723
170724
170728
170729
170730
170812
170813
170814
170815
170816
170818
170819
170823
170830
170908
170912
170913
170914
170915
171006
171007
171008
171009
171017
171018
171023
171025
171026
171028
171029
171030
171101
171103
171105
171106
171107
171115
171118
171119
171120
171121
171122
171123
171124
171125
171126
171130
171210
171212
171224
180108
180110
180111
180112
180113
180115
180119
180120
180211
180302
180304
180307
180310
180311
180317
180319
180325
180329
180330
180331
180401
180406
180408
180413
180414
180415
180416
180417
180418
180501
180508
180516
180517
180518
180525
180526
180527
180528
180529
180530
180531
180602
180604
180605
180606
180607
180623
180628
180629
180701
180711
180712
180715
180716
180717
180718
180719
180720
180721
180722
180723
180728
180801
180803
180810
180814
180815
180816
180817
180818
180819
180820
180821
180822
180823
180824
180825
180826
180827
180828
180831
180901
180925
181009
181027
181028
181030
181103
181106
181107
181114
181116
181124	
181126
181130
181201
181202
181210
181213
181214
181215
181216
181219
181220
181221
181222
181223
181227
181228
190103
190104
190105
190112
190119
190120
190121
190124
190127
190128
190207
190213
190215
190216
190217
190224
190226
190227
190313
190314
190323
190330
190404
190406
190407
190409
190410
190411
190413
190414
190418
190419
190420
190421
190425
190427
190501
190518
190601
190606
190608
190609
190614
190615
190701
190706
190708
190709
190719
190720
190721
190725
190729
190731
190801
190802
190807
190808
190809
190810
190811
190812
190813
190814
190815
190816
190817
190818
190819
190820
190826
190827
190829
191005
191013
191018
191019
191114
191116
191119
191122
191124
191125
191130
191202
191203
191204
191205
191208
191209
191213
191214
191215
191222
191223
191224
191230
200104
200105
200106
200107
200111
200114
200123
200127
200129
200206
200207
200208
200224
200227
200302
200318
200323
200325
200412
200413
201004
201101
201214
