Wvlgth Global_horizn_irradiance
.2800E+03 .3556E-17
.2805E+03 .3466E-16
.2810E+03 .1225E-15
.2815E+03 .1605E-14
.2820E+03 .5443E-14
.2825E+03 .1228E-13
.2830E+03 .3110E-13
.2835E+03 .4449E-13
.2840E+03 .3514E-12
.2845E+03 .7155E-12
.2850E+03 .9606E-12
.2855E+03 .2745E-11
.2860E+03 .9755E-11
.2865E+03 .3238E-10
.2870E+03 .7289E-10
.2875E+03 .2005E-09
.2880E+03 .4812E-09
.2885E+03 .1363E-08
.2890E+03 .3250E-08
.2895E+03 .8444E-08
.2900E+03 .2236E-07
.2905E+03 .4365E-07
.2910E+03 .8836E-07
.2915E+03 .2344E-06
.2920E+03 .5028E-06
.2925E+03 .6870E-06
.2930E+03 .1424E-05
.2935E+03 .3273E-05
.2940E+03 .5059E-05
.2945E+03 .7798E-05
.2950E+03 .1307E-04
.2955E+03 .3019E-04
.2960E+03 .5302E-04
.2965E+03 .6817E-04
.2970E+03 .8668E-04
.2975E+03 .2144E-03
.2980E+03 .3198E-03
.2985E+03 .3118E-03
.2990E+03 .6743E-03
.2995E+03 .1119E-02
.3000E+03 .1150E-02
.3005E+03 .1504E-02
.3010E+03 .2321E-02
.3015E+03 .3276E-02
.3020E+03 .2664E-02
.3025E+03 .5005E-02
.3030E+03 .8575E-02
.3035E+03 .1047E-01
.3040E+03 .9573E-02
.3045E+03 .1334E-01
.3050E+03 .1844E-01
.3055E+03 .1995E-01
.3060E+03 .1890E-01
.3065E+03 .2272E-01
.3070E+03 .3254E-01
.3075E+03 .3848E-01
.3080E+03 .3990E-01
.3085E+03 .4460E-01
.3090E+03 .3913E-01
.3095E+03 .4242E-01
.3100E+03 .4157E-01
.3105E+03 .6651E-01
.3110E+03 .8178E-01
.3115E+03 .7825E-01
.3120E+03 .7481E-01
.3125E+03 .8840E-01
.3130E+03 .9443E-01
.3135E+03 .9299E-01
.3140E+03 .1122E+00
.3145E+03 .9501E-01
.3150E+03 .1239E+00
.3155E+03 .1059E+00
.3160E+03 .8920E-01
.3165E+03 .1241E+00
.3170E+03 .1540E+00
.3175E+03 .1616E+00
.3180E+03 .1234E+00
.3185E+03 .1473E+00
.3190E+03 .1713E+00
.3195E+03 .1441E+00
.3200E+03 .1748E+00
.3205E+03 .2101E+00
.3210E+03 .1820E+00
.3215E+03 .1737E+00
.3220E+03 .1908E+00
.3225E+03 .1656E+00
.3230E+03 .1608E+00
.3235E+03 .1894E+00
.3240E+03 .2199E+00
.3245E+03 .2259E+00
.3250E+03 .2028E+00
.3255E+03 .2541E+00
.3260E+03 .3015E+00
.3265E+03 .2974E+00
.3270E+03 .2979E+00
.3275E+03 .2897E+00
.3280E+03 .2633E+00
.3285E+03 .2698E+00
.3290E+03 .3169E+00
.3295E+03 .3575E+00
.3300E+03 .3620E+00
.3305E+03 .2937E+00
.3310E+03 .3006E+00
.3315E+03 .3023E+00
.3320E+03 .3217E+00
.3325E+03 .3161E+00
.3330E+03 .3162E+00
.3335E+03 .2890E+00
.3340E+03 .2965E+00
.3345E+03 .3379E+00
.3350E+03 .3250E+00
.3355E+03 .3633E+00
.3360E+03 .2513E+00
.3365E+03 .2990E+00
.3370E+03 .2464E+00
.3375E+03 .3069E+00
.3380E+03 .3064E+00
.3385E+03 .3378E+00
.3390E+03 .3343E+00
.3395E+03 .3214E+00
.3400E+03 .3939E+00
.3405E+03 .3531E+00
.3410E+03 .3320E+00
.3415E+03 .3050E+00
.3420E+03 .3643E+00
.3425E+03 .3410E+00
.3430E+03 .3748E+00
.3435E+03 .3528E+00
.3440E+03 .2693E+00
.3445E+03 .2629E+00
.3450E+03 .3484E+00
.3455E+03 .3558E+00
.3460E+03 .3024E+00
.3465E+03 .3423E+00
.3470E+03 .3673E+00
.3475E+03 .2969E+00
.3480E+03 .3385E+00
.3485E+03 .3383E+00
.3490E+03 .3138E+00
.3495E+03 .3106E+00
.3500E+03 .3841E+00
.3505E+03 .4049E+00
.3510E+03 .3615E+00
.3515E+03 .3512E+00
.3520E+03 .3773E+00
.3525E+03 .2943E+00
.3530E+03 .3706E+00
.3535E+03 .3959E+00
.3540E+03 .4105E+00
.3545E+03 .4165E+00
.3550E+03 .4153E+00
.3555E+03 .3754E+00
.3560E+03 .3929E+00
.3565E+03 .3355E+00
.3570E+03 .2772E+00
.3575E+03 .3393E+00
.3580E+03 .2689E+00
.3585E+03 .2298E+00
.3590E+03 .3214E+00
.3595E+03 .4095E+00
.3600E+03 .4341E+00
.3605E+03 .3469E+00
.3610E+03 .3163E+00
.3615E+03 .3641E+00
.3620E+03 .3148E+00
.3625E+03 .4356E+00
.3630E+03 .3912E+00
.3635E+03 .3603E+00
.3640E+03 .4405E+00
.3645E+03 .3765E+00
.3650E+03 .3834E+00
.3655E+03 .4812E+00
.3660E+03 .5098E+00
.3665E+03 .4789E+00
.3670E+03 .4662E+00
.3675E+03 .4835E+00
.3680E+03 .4229E+00
.3685E+03 .4269E+00
.3690E+03 .4611E+00
.3695E+03 .4918E+00
.3700E+03 .5245E+00
.3705E+03 .4072E+00
.3710E+03 .4351E+00
.3715E+03 .5444E+00
.3720E+03 .3613E+00
.3725E+03 .4333E+00
.3730E+03 .4408E+00
.3735E+03 .2868E+00
.3740E+03 .4168E+00
.3745E+03 .3452E+00
.3750E+03 .3355E+00
.3755E+03 .5010E+00
.3760E+03 .4153E+00
.3765E+03 .4304E+00
.3770E+03 .4557E+00
.3775E+03 .5332E+00
.3780E+03 .5780E+00
.3785E+03 .5464E+00
.3790E+03 .4510E+00
.3795E+03 .4121E+00
.3800E+03 .4285E+00
.3805E+03 .5191E+00
.3810E+03 .5203E+00
.3815E+03 .4125E+00
.3820E+03 .3664E+00
.3825E+03 .3124E+00
.3830E+03 .2892E+00
.3835E+03 .2785E+00
.3840E+03 .3073E+00
.3845E+03 .4520E+00
.3850E+03 .4484E+00
.3855E+03 .4177E+00
.3860E+03 .3579E+00
.3865E+03 .4702E+00
.3870E+03 .3908E+00
.3875E+03 .4391E+00
.3880E+03 .4055E+00
.3885E+03 .4010E+00
.3890E+03 .4329E+00
.3895E+03 .5244E+00
.3900E+03 .5264E+00
.3905E+03 .4846E+00
.3910E+03 .5705E+00
.3915E+03 .5820E+00
.3920E+03 .4903E+00
.3925E+03 .4391E+00
.3930E+03 .2444E+00
.3935E+03 .1777E+00
.3940E+03 .3615E+00
.3945E+03 .4597E+00
.3950E+03 .5610E+00
.3955E+03 .5699E+00
.3960E+03 .4942E+00
.3965E+03 .2890E+00
.3970E+03 .2169E+00
.3975E+03 .4412E+00
.3980E+03 .6180E+00
.3985E+03 .6388E+00
.3990E+03 .6918E+00
.3995E+03 .6896E+00
.4000E+03 .7162E+00
.4010E+03 .7319E+00
.4020E+03 .7724E+00
.4030E+03 .7340E+00
.4040E+03 .7229E+00
.4050E+03 .7228E+00
.4060E+03 .7114E+00
.4070E+03 .7002E+00
.4080E+03 .7276E+00
.4090E+03 .7789E+00
.4100E+03 .6806E+00
.4110E+03 .7373E+00
.4120E+03 .7919E+00
.4130E+03 .7724E+00
.4140E+03 .7822E+00
.4150E+03 .7842E+00
.4160E+03 .7982E+00
.4170E+03 .7788E+00
.4180E+03 .7647E+00
.4190E+03 .7748E+00
.4200E+03 .7717E+00
.4210E+03 .8075E+00
.4220E+03 .7678E+00
.4230E+03 .7502E+00
.4240E+03 .7938E+00
.4250E+03 .7927E+00
.4260E+03 .7721E+00
.4270E+03 .7577E+00
.4280E+03 .7383E+00
.4290E+03 .6995E+00
.4300E+03 .6121E+00
.4310E+03 .6070E+00
.4320E+03 .7839E+00
.4330E+03 .7884E+00
.4340E+03 .7323E+00
.4350E+03 .7650E+00
.4360E+03 .8620E+00
.4370E+03 .8503E+00
.4380E+03 .7743E+00
.4390E+03 .8010E+00
.4400E+03 .8267E+00
.4410E+03 .8569E+00
.4420E+03 .9192E+00
.4430E+03 .8958E+00
.4440E+03 .9150E+00
.4450E+03 .8954E+00
.4460E+03 .8545E+00
.4470E+03 .9237E+00
.4480E+03 .9384E+00
.4490E+03 .9421E+00
.4500E+03 .9686E+00
.4510E+03 .1005E+01
.4520E+03 .9681E+00
.4530E+03 .9106E+00
.4540E+03 .9505E+00
.4550E+03 .9566E+00
.4560E+03 .9794E+00
.4570E+03 .9958E+00
.4580E+03 .9622E+00
.4590E+03 .9572E+00
.4600E+03 .9600E+00
.4610E+03 .9822E+00
.4620E+03 .9897E+00
.4630E+03 .9829E+00
.4640E+03 .9663E+00
.4650E+03 .9540E+00
.4660E+03 .9633E+00
.4670E+03 .9458E+00
.4680E+03 .9573E+00
.4690E+03 .9626E+00
.4700E+03 .9319E+00
.4710E+03 .9307E+00
.4720E+03 .9806E+00
.4730E+03 .9682E+00
.4740E+03 .9694E+00
.4750E+03 .9779E+00
.4760E+03 .9490E+00
.4770E+03 .9520E+00
.4780E+03 .9786E+00
.4790E+03 .9727E+00
.4800E+03 .9746E+00
.4810E+03 .9929E+00
.4820E+03 .9981E+00
.4830E+03 .9859E+00
.4840E+03 .9655E+00
.4850E+03 .9198E+00
.4860E+03 .8038E+00
.4870E+03 .8423E+00
.4880E+03 .9240E+00
.4890E+03 .9272E+00
.4900E+03 .9754E+00
.4910E+03 .9586E+00
.4920E+03 .9054E+00
.4930E+03 .9350E+00
.4940E+03 .9442E+00
.4950E+03 .9522E+00
.4960E+03 .9579E+00
.4970E+03 .9731E+00
.4980E+03 .9277E+00
.4990E+03 .9399E+00
.5000E+03 .9130E+00
.5010E+03 .8985E+00
.5020E+03 .8865E+00
.5030E+03 .9235E+00
.5040E+03 .9017E+00
.5050E+03 .9325E+00
.5060E+03 .9631E+00
.5070E+03 .9167E+00
.5080E+03 .8877E+00
.5090E+03 .9122E+00
.5100E+03 .9070E+00
.5110E+03 .9308E+00
.5120E+03 .9410E+00
.5130E+03 .8912E+00
.5140E+03 .8850E+00
.5150E+03 .8763E+00
.5160E+03 .8745E+00
.5170E+03 .7771E+00
.5180E+03 .8172E+00
.5190E+03 .8571E+00
.5200E+03 .8882E+00
.5210E+03 .8967E+00
.5220E+03 .8977E+00
.5230E+03 .8821E+00
.5240E+03 .9143E+00
.5250E+03 .9255E+00
.5260E+03 .8844E+00
.5270E+03 .8337E+00
.5280E+03 .8818E+00
.5290E+03 .9293E+00
.5300E+03 .9165E+00
.5310E+03 .9306E+00
.5320E+03 .8990E+00
.5330E+03 .8729E+00
.5340E+03 .8988E+00
.5350E+03 .9181E+00
.5360E+03 .9262E+00
.5370E+03 .8897E+00
.5380E+03 .9057E+00
.5390E+03 .8988E+00
.5400E+03 .8618E+00
.5410E+03 .8683E+00
.5420E+03 .8961E+00
.5430E+03 .8869E+00
.5440E+03 .9027E+00
.5450E+03 .8995E+00
.5460E+03 .9031E+00
.5470E+03 .9017E+00
.5480E+03 .8907E+00
.5490E+03 .8939E+00
.5500E+03 .9052E+00
.5510E+03 .8945E+00
.5520E+03 .9009E+00
.5530E+03 .8849E+00
.5540E+03 .9059E+00
.5550E+03 .9075E+00
.5560E+03 .8956E+00
.5570E+03 .8680E+00
.5580E+03 .8616E+00
.5590E+03 .8456E+00
.5600E+03 .8569E+00
.5610E+03 .8689E+00
.5620E+03 .8632E+00
.5630E+03 .8875E+00
.5640E+03 .8637E+00
.5650E+03 .8566E+00
.5660E+03 .8443E+00
.5670E+03 .8606E+00
.5680E+03 .8537E+00
.5690E+03 .8350E+00
.5700E+03 .8346E+00
.5710E+03 .8292E+00
.5720E+03 .8502E+00
.5730E+03 .8593E+00
.5740E+03 .8566E+00
.5750E+03 .8407E+00
.5760E+03 .8327E+00
.5770E+03 .8414E+00
.5780E+03 .8285E+00
.5790E+03 .8316E+00
.5800E+03 .8467E+00
.5810E+03 .8506E+00
.5820E+03 .8666E+00
.5830E+03 .8690E+00
.5840E+03 .8765E+00
.5850E+03 .8549E+00
.5860E+03 .8369E+00
.5870E+03 .8547E+00
.5880E+03 .8350E+00
.5890E+03 .7422E+00
.5900E+03 .7759E+00
.5910E+03 .8194E+00
.5920E+03 .8111E+00
.5930E+03 .8220E+00
.5940E+03 .8182E+00
.5950E+03 .7995E+00
.5960E+03 .8279E+00
.5970E+03 .8198E+00
.5980E+03 .8182E+00
.5990E+03 .8195E+00
.6000E+03 .8205E+00
.6010E+03 .8130E+00
.6020E+03 .8068E+00
.6030E+03 .8194E+00
.6040E+03 .8320E+00
.6050E+03 .8279E+00
.6060E+03 .8257E+00
.6070E+03 .8350E+00
.6080E+03 .8264E+00
.6090E+03 .8280E+00
.6100E+03 .8211E+00
.6110E+03 .8257E+00
.6120E+03 .8227E+00
.6130E+03 .8118E+00
.6140E+03 .8005E+00
.6150E+03 .8181E+00
.6160E+03 .7911E+00
.6170E+03 .7893E+00
.6180E+03 .8191E+00
.6190E+03 .8105E+00
.6200E+03 .8146E+00
.6210E+03 .8133E+00
.6220E+03 .7956E+00
.6230E+03 .7758E+00
.6240E+03 .7662E+00
.6250E+03 .7707E+00
.6260E+03 .7838E+00
.6270E+03 .7937E+00
.6280E+03 .7437E+00
.6290E+03 .7765E+00
.6300E+03 .7591E+00
.6310E+03 .7771E+00
.6320E+03 .7698E+00
.6330E+03 .7949E+00
.6340E+03 .7872E+00
.6350E+03 .7994E+00
.6360E+03 .7879E+00
.6370E+03 .7999E+00
.6380E+03 .8071E+00
.6390E+03 .7986E+00
.6400E+03 .7914E+00
.6410E+03 .7912E+00
.6420E+03 .7875E+00
.6430E+03 .7981E+00
.6440E+03 .7953E+00
.6450E+03 .7970E+00
.6460E+03 .7799E+00
.6470E+03 .7728E+00
.6480E+03 .7746E+00
.6490E+03 .7594E+00
.6500E+03 .7605E+00
.6510E+03 .7928E+00
.6520E+03 .7636E+00
.6530E+03 .7823E+00
.6540E+03 .7730E+00
.6550E+03 .7456E+00
.6560E+03 .6592E+00
.6570E+03 .6764E+00
.6580E+03 .7562E+00
.6590E+03 .7586E+00
.6600E+03 .7562E+00
.6610E+03 .7515E+00
.6620E+03 .7452E+00
.6630E+03 .7350E+00
.6640E+03 .7517E+00
.6650E+03 .7568E+00
.6660E+03 .7617E+00
.6670E+03 .7638E+00
.6680E+03 .7653E+00
.6690E+03 .7777E+00
.6700E+03 .7748E+00
.6710E+03 .7747E+00
.6720E+03 .7681E+00
.6730E+03 .7797E+00
.6740E+03 .7769E+00
.6750E+03 .7698E+00
.6760E+03 .7750E+00
.6770E+03 .7670E+00
.6780E+03 .7688E+00
.6790E+03 .7563E+00
.6800E+03 .7625E+00
.6810E+03 .7578E+00
.6820E+03 .7572E+00
.6830E+03 .7559E+00
.6840E+03 .7523E+00
.6850E+03 .7589E+00
.6860E+03 .7545E+00
.6870E+03 .5088E+00
.6880E+03 .5924E+00
.6890E+03 .5945E+00
.6900E+03 .6224E+00
.6910E+03 .6540E+00
.6920E+03 .6779E+00
.6930E+03 .6757E+00
.6940E+03 .6726E+00
.6950E+03 .6978E+00
.6960E+03 .6990E+00
.6970E+03 .7359E+00
.6980E+03 .7247E+00
.6990E+03 .7113E+00
.7000E+03 .7026E+00
.7010E+03 .6969E+00
.7020E+03 .7005E+00
.7030E+03 .7017E+00
.7040E+03 .7218E+00
.7050E+03 .7237E+00
.7060E+03 .7220E+00
.7070E+03 .7225E+00
.7080E+03 .7241E+00
.7090E+03 .7238E+00
.7100E+03 .7245E+00
.7110E+03 .7231E+00
.7120E+03 .7204E+00
.7130E+03 .7137E+00
.7140E+03 .7164E+00
.7150E+03 .6955E+00
.7160E+03 .6967E+00
.7170E+03 .6166E+00
.7180E+03 .5720E+00
.7190E+03 .5260E+00
.7200E+03 .5512E+00
.7210E+03 .5989E+00
.7220E+03 .6748E+00
.7230E+03 .6340E+00
.7240E+03 .5775E+00
.7250E+03 .5708E+00
.7260E+03 .5935E+00
.7270E+03 .6010E+00
.7280E+03 .5686E+00
.7290E+03 .5846E+00
.7300E+03 .6179E+00
.7310E+03 .5924E+00
.7320E+03 .6289E+00
.7330E+03 .6609E+00
.7340E+03 .6752E+00
.7350E+03 .6618E+00
.7360E+03 .6610E+00
.7370E+03 .6637E+00
.7380E+03 .6714E+00
.7390E+03 .6585E+00
.7400E+03 .6745E+00
.7410E+03 .6671E+00
.7420E+03 .6671E+00
.7430E+03 .6839E+00
.7440E+03 .6815E+00
.7450E+03 .6813E+00
.7460E+03 .6844E+00
.7470E+03 .6859E+00
.7480E+03 .6844E+00
.7490E+03 .6766E+00
.7500E+03 .6762E+00
.7510E+03 .6693E+00
.7520E+03 .6722E+00
.7530E+03 .6755E+00
.7540E+03 .6771E+00
.7550E+03 .6732E+00
.7560E+03 .6729E+00
.7570E+03 .6739E+00
.7580E+03 .6655E+00
.7590E+03 .6526E+00
.7600E+03 .1149E+00
.7610E+03 .6146E-01
.7620E+03 .3405E+00
.7630E+03 .1734E+00
.7640E+03 .2578E+00
.7650E+03 .3404E+00
.7660E+03 .4149E+00
.7670E+03 .5207E+00
.7680E+03 .5986E+00
.7690E+03 .6106E+00
.7700E+03 .6308E+00
.7710E+03 .6357E+00
.7720E+03 .6369E+00
.7730E+03 .6414E+00
.7740E+03 .6383E+00
.7750E+03 .6334E+00
.7760E+03 .6411E+00
.7770E+03 .6327E+00
.7780E+03 .6289E+00
.7790E+03 .6294E+00
.7800E+03 .6259E+00
.7810E+03 .6265E+00
.7820E+03 .6304E+00
.7830E+03 .6194E+00
.7840E+03 .6223E+00
.7850E+03 .6179E+00
.7860E+03 .6248E+00
.7870E+03 .6152E+00
.7880E+03 .6082E+00
.7890E+03 .6086E+00
.7900E+03 .5941E+00
.7910E+03 .5975E+00
.7920E+03 .5928E+00
.7930E+03 .5834E+00
.7940E+03 .5910E+00
.7950E+03 .6016E+00
.7960E+03 .5858E+00
.7970E+03 .5866E+00
.7980E+03 .6012E+00
.7990E+03 .5979E+00
.8000E+03 .5883E+00
.8010E+03 .5868E+00
.8020E+03 .5851E+00
.8030E+03 .5810E+00
.8040E+03 .5815E+00
.8050E+03 .5789E+00
.8060E+03 .5940E+00
.8070E+03 .5871E+00
.8080E+03 .5875E+00
.8090E+03 .5773E+00
.8100E+03 .5739E+00
.8110E+03 .5754E+00
.8120E+03 .5607E+00
.8130E+03 .5502E+00
.8140E+03 .4906E+00
.8150E+03 .4871E+00
.8160E+03 .4578E+00
.8170E+03 .4645E+00
.8180E+03 .4486E+00
.8190E+03 .4945E+00
.8200E+03 .4683E+00
.8210E+03 .5383E+00
.8220E+03 .5249E+00
.8230E+03 .3697E+00
.8240E+03 .5130E+00
.8250E+03 .5298E+00
.8260E+03 .5122E+00
.8270E+03 .5378E+00
.8280E+03 .4642E+00
.8290E+03 .5090E+00
.8300E+03 .5036E+00
.8310E+03 .5049E+00
.8320E+03 .4913E+00
.8330E+03 .5170E+00
.8340E+03 .5009E+00
.8350E+03 .5453E+00
.8360E+03 .5248E+00
.8370E+03 .5466E+00
.8380E+03 .5310E+00
.8390E+03 .5381E+00
.8400E+03 .5495E+00
.8410E+03 .5423E+00
.8420E+03 .5426E+00
.8430E+03 .5414E+00
.8440E+03 .5345E+00
.8450E+03 .5517E+00
.8460E+03 .5492E+00
.8470E+03 .5387E+00
.8480E+03 .5358E+00
.8490E+03 .5206E+00
.8500E+03 .4987E+00
.8510E+03 .5285E+00
.8520E+03 .5247E+00
.8530E+03 .5046E+00
.8540E+03 .4361E+00
.8550E+03 .4786E+00
.8560E+03 .5233E+00
.8570E+03 .5346E+00
.8580E+03 .5308E+00
.8590E+03 .5312E+00
.8600E+03 .5320E+00
.8610E+03 .5291E+00
.8620E+03 .5374E+00
.8630E+03 .5501E+00
.8640E+03 .5226E+00
.8650E+03 .5180E+00
.8660E+03 .4658E+00
.8670E+03 .4861E+00
.8680E+03 .5289E+00
.8690E+03 .5180E+00
.8700E+03 .5327E+00
.8710E+03 .5255E+00
.8720E+03 .5236E+00
.8730E+03 .5226E+00
.8740E+03 .5164E+00
.8750E+03 .5060E+00
.8760E+03 .5113E+00
.8770E+03 .5164E+00
.8780E+03 .5221E+00
.8790E+03 .5141E+00
.8800E+03 .5031E+00
.8810E+03 .4958E+00
.8820E+03 .5065E+00
.8830E+03 .5080E+00
.8840E+03 .5057E+00
.8850E+03 .5096E+00
.8860E+03 .4863E+00
.8870E+03 .4910E+00
.8880E+03 .4988E+00
.8890E+03 .5037E+00
.8900E+03 .5003E+00
.8910E+03 .4992E+00
.8920E+03 .4855E+00
.8930E+03 .4715E+00
.8940E+03 .4567E+00
.8950E+03 .4345E+00
.8960E+03 .4131E+00
.8970E+03 .3600E+00
.8980E+03 .3892E+00
.8990E+03 .3000E+00
.9000E+03 .3954E+00
.9010E+03 .3160E+00
.9020E+03 .3633E+00
.9030E+03 .3690E+00
.9040E+03 .4548E+00
.9050E+03 .4403E+00
.9060E+03 .4134E+00
.9070E+03 .3434E+00
.9080E+03 .3487E+00
.9090E+03 .3742E+00
.9100E+03 .3356E+00
.9110E+03 .3541E+00
.9120E+03 .3700E+00
.9130E+03 .3405E+00
.9140E+03 .3384E+00
.9150E+03 .3634E+00
.9160E+03 .3121E+00
.9170E+03 .3874E+00
.9180E+03 .3201E+00
.9190E+03 .3936E+00
.9200E+03 .3968E+00
.9210E+03 .4101E+00
.9220E+03 .3699E+00
.9230E+03 .3961E+00
.9240E+03 .3795E+00
.9250E+03 .3717E+00
.9260E+03 .3755E+00
.9270E+03 .4169E+00
.9280E+03 .3155E+00
.9290E+03 .2900E+00
.9300E+03 .2322E+00
.9310E+03 .2198E+00
.9320E+03 .1633E+00
.9330E+03 .1359E+00
.9340E+03 .8153E-01
.9350E+03 .1396E+00
.9360E+03 .9032E-01
.9370E+03 .9349E-01
.9380E+03 .1133E+00
.9390E+03 .2159E+00
.9400E+03 .2552E+00
.9410E+03 .1972E+00
.9420E+03 .2257E+00
.9430E+03 .1552E+00
.9440E+03 .1600E+00
.9450E+03 .2022E+00
.9460E+03 .1089E+00
.9470E+03 .2033E+00
.9480E+03 .1525E+00
.9490E+03 .2684E+00
.9500E+03 .8458E-01
.9510E+03 .2633E+00
.9520E+03 .1499E+00
.9530E+03 .1865E+00
.9540E+03 .2232E+00
.9550E+03 .1920E+00
.9560E+03 .1788E+00
.9570E+03 .1489E+00
.9580E+03 .2488E+00
.9590E+03 .2022E+00
.9600E+03 .2253E+00
.9610E+03 .2507E+00
.9620E+03 .2380E+00
.9630E+03 .2713E+00
.9640E+03 .2491E+00
.9650E+03 .2696E+00
.9660E+03 .2735E+00
.9670E+03 .2733E+00
.9680E+03 .3534E+00
.9690E+03 .3686E+00
.9700E+03 .3420E+00
.9710E+03 .3859E+00
.9720E+03 .3698E+00
.9730E+03 .3272E+00
.9740E+03 .3101E+00
.9750E+03 .3210E+00
.9760E+03 .3075E+00
.9770E+03 .3454E+00
.9780E+03 .3299E+00
.9790E+03 .3442E+00
.9800E+03 .3250E+00
.9810E+03 .3828E+00
.9820E+03 .3673E+00
.9830E+03 .3532E+00
.9840E+03 .3927E+00
.9850E+03 .3655E+00
.9860E+03 .3990E+00
.9870E+03 .3919E+00
.9880E+03 .3912E+00
.9890E+03 .3971E+00
.9900E+03 .3888E+00
.9910E+03 .3984E+00
.9920E+03 .4006E+00
.9930E+03 .3926E+00
.9940E+03 .4004E+00
.9950E+03 .3997E+00
.9960E+03 .3982E+00
.9970E+03 .3987E+00
.9980E+03 .3968E+00
.9990E+03 .3954E+00
.1000E+04 .3929E+00
.1001E+04 .3975E+00
.1002E+04 .3875E+00
.1003E+04 .3906E+00
.1004E+04 .3813E+00
.1005E+04 .3670E+00
.1006E+04 .3816E+00
.1007E+04 .3895E+00
.1008E+04 .3877E+00
.1009E+04 .3858E+00
.1010E+04 .3843E+00
.1011E+04 .3876E+00
.1012E+04 .3845E+00
.1013E+04 .3867E+00
.1014E+04 .3840E+00
.1015E+04 .3815E+00
.1016E+04 .3798E+00
.1017E+04 .3808E+00
.1018E+04 .3793E+00
.1019E+04 .3716E+00
.1020E+04 .3774E+00
.1021E+04 .3768E+00
.1022E+04 .3740E+00
.1023E+04 .3781E+00
.1024E+04 .3736E+00
.1025E+04 .3777E+00
.1026E+04 .3762E+00
.1027E+04 .3753E+00
.1028E+04 .3746E+00
.1029E+04 .3702E+00
.1030E+04 .3726E+00
.1031E+04 .3712E+00
.1032E+04 .3700E+00
.1033E+04 .3645E+00
.1034E+04 .3645E+00
.1035E+04 .3656E+00
.1036E+04 .3676E+00
.1037E+04 .3614E+00
.1038E+04 .3631E+00
.1039E+04 .3629E+00
.1040E+04 .3615E+00
.1041E+04 .3630E+00
.1042E+04 .3605E+00
.1043E+04 .3593E+00
.1044E+04 .3606E+00
.1045E+04 .3557E+00
.1046E+04 .3518E+00
.1047E+04 .3550E+00
.1048E+04 .3570E+00
.1049E+04 .3554E+00
.1050E+04 .3536E+00
.1051E+04 .3535E+00
.1052E+04 .3519E+00
.1053E+04 .3492E+00
.1054E+04 .3501E+00
.1055E+04 .3503E+00
.1056E+04 .3491E+00
.1057E+04 .3481E+00
.1058E+04 .3395E+00
.1059E+04 .3399E+00
.1060E+04 .3394E+00
.1061E+04 .3390E+00
.1062E+04 .3408E+00
.1063E+04 .3375E+00
.1064E+04 .3414E+00
.1065E+04 .3391E+00
.1066E+04 .3323E+00
.1067E+04 .3366E+00
.1068E+04 .3294E+00
.1069E+04 .3193E+00
.1070E+04 .3304E+00
.1071E+04 .3351E+00
.1072E+04 .3317E+00
.1073E+04 .3267E+00
.1074E+04 .3349E+00
.1075E+04 .3191E+00
.1076E+04 .3348E+00
.1077E+04 .3293E+00
.1078E+04 .3234E+00
.1079E+04 .3294E+00
.1080E+04 .3249E+00
.1081E+04 .3145E+00
.1082E+04 .3188E+00
.1083E+04 .3196E+00
.1084E+04 .3141E+00
.1085E+04 .3254E+00
.1086E+04 .2992E+00
.1087E+04 .3067E+00
.1088E+04 .3197E+00
.1089E+04 .3107E+00
.1090E+04 .3046E+00
.1091E+04 .3190E+00
.1092E+04 .3177E+00
.1093E+04 .2727E+00
.1094E+04 .2915E+00
.1095E+04 .2835E+00
.1096E+04 .2724E+00
.1097E+04 .3105E+00
.1098E+04 .2684E+00
.1099E+04 .2796E+00
.1100E+04 .2615E+00
.1101E+04 .2643E+00
.1102E+04 .2533E+00
.1103E+04 .2515E+00
.1104E+04 .2517E+00
.1105E+04 .2743E+00
.1106E+04 .2145E+00
.1107E+04 .2609E+00
.1108E+04 .2242E+00
.1109E+04 .2263E+00
.1110E+04 .2615E+00
.1111E+04 .1794E+00
.1112E+04 .2252E+00
.1113E+04 .1462E+00
.1114E+04 .1624E+00
.1115E+04 .1348E+00
.1116E+04 .1111E+00
.1117E+04 .4589E-01
.1118E+04 .1218E+00
.1119E+04 .6317E-01
.1120E+04 .8053E-01
.1121E+04 .1048E+00
.1122E+04 .4853E-01
.1123E+04 .7341E-01
.1124E+04 .6174E-01
.1125E+04 .7996E-01
.1126E+04 .3196E-01
.1127E+04 .8940E-01
.1128E+04 .5755E-01
.1129E+04 .5982E-01
.1130E+04 .4197E-01
.1131E+04 .1602E+00
.1132E+04 .1263E+00
.1133E+04 .8417E-01
.1134E+04 .2424E-01
.1135E+04 .9775E-02
.1136E+04 .7330E-01
.1137E+04 .1579E+00
.1138E+04 .1127E+00
.1139E+04 .1632E+00
.1140E+04 .1375E+00
.1141E+04 .1098E+00
.1142E+04 .1230E+00
.1143E+04 .1693E+00
.1144E+04 .6432E-01
.1145E+04 .8275E-01
.1146E+04 .8856E-01
.1147E+04 .3547E-01
.1148E+04 .1481E+00
.1149E+04 .1202E+00
.1150E+04 .6867E-01
.1151E+04 .1110E+00
.1152E+04 .1364E+00
.1153E+04 .1301E+00
.1154E+04 .7820E-01
.1155E+04 .1674E+00
.1156E+04 .1523E+00
.1157E+04 .1679E+00
.1158E+04 .1657E+00
.1159E+04 .1777E+00
.1160E+04 .1542E+00
.1161E+04 .1887E+00
.1162E+04 .1897E+00
.1163E+04 .2474E+00
.1164E+04 .2165E+00
.1165E+04 .2036E+00
.1166E+04 .2033E+00
.1167E+04 .2202E+00
.1168E+04 .2207E+00
.1169E+04 .2248E+00
.1170E+04 .2430E+00
.1171E+04 .2374E+00
.1172E+04 .2419E+00
.1173E+04 .2428E+00
.1174E+04 .1780E+00
.1175E+04 .2366E+00
.1176E+04 .2581E+00
.1177E+04 .2489E+00
.1178E+04 .1910E+00
.1179E+04 .2599E+00
.1180E+04 .2351E+00
.1181E+04 .2417E+00
.1182E+04 .1708E+00
.1183E+04 .2374E+00
.1184E+04 .2243E+00
.1185E+04 .2178E+00
.1186E+04 .2536E+00
.1187E+04 .2428E+00
.1188E+04 .1747E+00
.1189E+04 .2270E+00
.1190E+04 .2480E+00
.1191E+04 .2373E+00
.1192E+04 .2511E+00
.1193E+04 .2416E+00
.1194E+04 .2484E+00
.1195E+04 .2362E+00
.1196E+04 .2284E+00
.1197E+04 .2477E+00
.1198E+04 .2280E+00
.1199E+04 .1973E+00
.1200E+04 .2385E+00
.1201E+04 .2313E+00
.1202E+04 .2292E+00
.1203E+04 .2259E+00
.1204E+04 .1936E+00
.1205E+04 .2292E+00
.1206E+04 .2539E+00
.1207E+04 .2253E+00
.1208E+04 .2201E+00
.1209E+04 .2267E+00
.1210E+04 .2362E+00
.1211E+04 .2263E+00
.1212E+04 .2255E+00
.1213E+04 .2480E+00
.1214E+04 .2306E+00
.1215E+04 .2266E+00
.1216E+04 .2473E+00
.1217E+04 .2415E+00
.1218E+04 .2428E+00
.1219E+04 .2365E+00
.1220E+04 .2429E+00
.1221E+04 .2463E+00
.1222E+04 .2390E+00
.1223E+04 .2369E+00
.1224E+04 .2368E+00
.1225E+04 .2451E+00
.1226E+04 .2466E+00
.1227E+04 .2293E+00
.1228E+04 .2480E+00
.1229E+04 .2472E+00
.1230E+04 .2433E+00
.1231E+04 .2491E+00
.1232E+04 .2477E+00
.1233E+04 .2406E+00
.1234E+04 .2487E+00
.1235E+04 .2473E+00
.1236E+04 .2491E+00
.1237E+04 .2461E+00
.1238E+04 .2482E+00
.1239E+04 .2450E+00
.1240E+04 .2459E+00
.1241E+04 .2451E+00
.1242E+04 .2443E+00
.1243E+04 .2423E+00
.1244E+04 .2441E+00
.1245E+04 .2450E+00
.1246E+04 .2436E+00
.1247E+04 .2427E+00
.1248E+04 .2427E+00
.1249E+04 .2433E+00
.1250E+04 .2419E+00
.1251E+04 .2387E+00
.1252E+04 .2388E+00
.1253E+04 .2369E+00
.1254E+04 .2348E+00
.1255E+04 .2387E+00
.1256E+04 .2320E+00
.1257E+04 .2308E+00
.1258E+04 .2351E+00
.1259E+04 .2267E+00
.1260E+04 .2279E+00
.1261E+04 .2153E+00
.1262E+04 .2088E+00
.1263E+04 .2094E+00
.1264E+04 .1934E+00
.1265E+04 .2080E+00
.1266E+04 .2002E+00
.1267E+04 .2038E+00
.1268E+04 .1933E+00
.1269E+04 .1205E+00
.1270E+04 .2029E+00
.1271E+04 .2147E+00
.1272E+04 .2154E+00
.1273E+04 .2130E+00
.1274E+04 .2138E+00
.1275E+04 .2166E+00
.1276E+04 .2188E+00
.1277E+04 .2206E+00
.1278E+04 .2243E+00
.1279E+04 .2226E+00
.1280E+04 .2200E+00
.1281E+04 .2098E+00
.1282E+04 .2017E+00
.1283E+04 .2173E+00
.1284E+04 .2230E+00
.1285E+04 .2242E+00
.1286E+04 .2271E+00
.1287E+04 .2242E+00
.1288E+04 .2241E+00
.1289E+04 .2176E+00
.1290E+04 .2219E+00
.1291E+04 .2246E+00
.1292E+04 .2129E+00
.1293E+04 .2213E+00
.1294E+04 .2200E+00
.1295E+04 .2186E+00
.1296E+04 .2099E+00
.1297E+04 .1996E+00
.1298E+04 .2131E+00
.1299E+04 .2213E+00
.1300E+04 .1903E+00
.1301E+04 .1969E+00
.1302E+04 .2124E+00
.1303E+04 .1888E+00
.1304E+04 .1632E+00
.1305E+04 .2090E+00
.1306E+04 .2093E+00
.1307E+04 .1675E+00
.1308E+04 .1879E+00
.1309E+04 .2074E+00
.1310E+04 .1641E+00
.1311E+04 .1814E+00
.1312E+04 .1760E+00
.1313E+04 .1744E+00
.1314E+04 .1563E+00
.1315E+04 .1558E+00
.1316E+04 .1789E+00
.1317E+04 .1700E+00
.1318E+04 .1829E+00
.1319E+04 .1479E+00
.1320E+04 .1414E+00
.1321E+04 .1637E+00
.1322E+04 .1668E+00
.1323E+04 .1277E+00
.1324E+04 .1458E+00
.1325E+04 .1769E+00
.1326E+04 .1545E+00
.1327E+04 .1480E+00
.1328E+04 .1272E+00
.1329E+04 .9912E-01
.1330E+04 .1271E+00
.1331E+04 .8007E-01
.1332E+04 .8183E-01
.1333E+04 .1127E+00
.1334E+04 .9466E-01
.1335E+04 .1279E+00
.1336E+04 .1036E+00
.1337E+04 .9084E-01
.1338E+04 .9831E-01
.1339E+04 .9806E-01
.1340E+04 .9421E-01
.1341E+04 .9368E-01
.1342E+04 .1010E+00
.1343E+04 .6975E-01
.1344E+04 .4329E-01
.1345E+04 .6076E-01
.1346E+04 .3309E-01
.1347E+04 .3423E-01
.1348E+04 .2962E-02
.1349E+04 .9636E-02
.1350E+04 .1003E-01
.1351E+04 .2978E-02
.1352E+04 .1062E-02
.1353E+04 .7857E-04
.1354E+04 .2225E-03
.1355E+04 .3288E-05
.1356E+04 .4663E-04
.1357E+04 .6415E-04
.1358E+04 .4027E-05
.1359E+04 .7723E-06
.1360E+04 .2217E-05
.1361E+04 .6328E-08
.1362E+04 .2711E-10
.1363E+04 .3027E-05
.1364E+04 .1293E-05
.1365E+04 .2405E-10
.1366E+04 .1378E-04
.1367E+04 .5301E-05
.1368E+04 .4790E-12
.1369E+04 .7126E-06
.1370E+04 .3702E-06
.1371E+04 .2796E-07
.1372E+04 .3444E-05
.1373E+04 .3837E-04
.1374E+04 .1422E-03
.1375E+04 .2695E-03
.1376E+04 .2238E-03
.1377E+04 .1133E-03
.1378E+04 .7854E-03
.1379E+04 .4658E-04
.1380E+04 .6594E-04
.1381E+04 .2317E-05
.1382E+04 .2806E-05
.1383E+04 .4771E-07
.1384E+04 .7418E-06
.1385E+04 .1840E-05
.1386E+04 .2509E-05
.1387E+04 .1056E-03
.1388E+04 .3568E-05
.1389E+04 .4324E-03
.1390E+04 .3828E-03
.1391E+04 .2565E-03
.1392E+04 .2455E-04
.1393E+04 .1086E-03
.1394E+04 .6186E-04
.1395E+04 .6507E-06
.1396E+04 .8725E-08
.1397E+04 .5401E-04
.1398E+04 .7666E-03
.1399E+04 .5637E-03
.1400E+04 .5152E-08
.1401E+04 .1345E-07
.1402E+04 .1318E-02
.1403E+04 .1627E-02
.1404E+04 .5128E-03
.1405E+04 .6356E-06
.1406E+04 .1127E-02
.1407E+04 .1349E-03
.1408E+04 .1107E-02
.1409E+04 .4067E-03
.1410E+04 .3630E-03
.1411E+04 .1434E-02
.1412E+04 .1751E-02
.1413E+04 .1091E-01
.1414E+04 .2696E-03
.1415E+04 .1441E-03
.1416E+04 .1982E-01
.1417E+04 .6341E-02
.1418E+04 .8439E-02
.1419E+04 .1437E-02
.1420E+04 .5408E-02
.1421E+04 .5420E-02
.1422E+04 .2664E-01
.1423E+04 .5412E-02
.1424E+04 .1022E-01
.1425E+04 .1495E-01
.1426E+04 .1643E-01
.1427E+04 .2982E-01
.1428E+04 .2866E-02
.1429E+04 .2128E-01
.1430E+04 .3665E-01
.1431E+04 .2808E-01
.1432E+04 .1530E-02
.1433E+04 .1977E-01
.1434E+04 .1250E-01
.1435E+04 .1229E-01
.1436E+04 .2306E-01
.1437E+04 .1612E-01
.1438E+04 .8270E-02
.1439E+04 .2767E-01
.1440E+04 .2212E-01
.1441E+04 .1905E-01
.1442E+04 .2170E-01
.1443E+04 .2685E-01
.1444E+04 .3443E-01
.1445E+04 .2857E-01
.1446E+04 .1416E-01
.1447E+04 .2133E-01
.1448E+04 .6515E-01
.1449E+04 .5781E-01
.1450E+04 .1695E-01
.1451E+04 .7435E-02
.1452E+04 .3702E-01
.1453E+04 .4777E-01
.1454E+04 .7726E-01
.1455E+04 .3876E-01
.1456E+04 .5130E-01
.1457E+04 .6646E-01
.1458E+04 .7716E-01
.1459E+04 .9100E-01
.1460E+04 .4963E-01
.1461E+04 .5189E-01
.1462E+04 .7345E-01
.1463E+04 .2593E-01
.1464E+04 .8667E-01
.1465E+04 .5286E-01
.1466E+04 .3819E-01
.1467E+04 .2177E-01
.1468E+04 .4488E-01
.1469E+04 .5365E-01
.1470E+04 .3011E-01
.1471E+04 .1153E-01
.1472E+04 .2797E-01
.1473E+04 .3981E-01
.1474E+04 .5608E-01
.1475E+04 .1027E+00
.1476E+04 .3900E-01
.1477E+04 .3971E-01
.1478E+04 .3689E-01
.1479E+04 .6740E-01
.1480E+04 .3493E-01
.1481E+04 .6567E-01
.1482E+04 .3314E-01
.1483E+04 .8331E-01
.1484E+04 .7687E-01
.1485E+04 .6926E-01
.1486E+04 .6875E-01
.1487E+04 .3299E-01
.1488E+04 .5505E-01
.1489E+04 .1067E+00
.1490E+04 .9620E-01
.1491E+04 .1081E+00
.1492E+04 .9138E-01
.1493E+04 .1003E+00
.1494E+04 .1114E+00
.1495E+04 .9978E-01
.1496E+04 .9370E-01
.1497E+04 .1249E+00
.1498E+04 .1055E+00
.1499E+04 .1218E+00
.1500E+04 .1376E+00
.1501E+04 .1435E+00
.1502E+04 .1231E+00
.1503E+04 .1064E+00
.1504E+04 .8575E-01
.1505E+04 .1014E+00
.1506E+04 .1426E+00
.1507E+04 .1378E+00
.1508E+04 .1324E+00
.1509E+04 .1034E+00
.1510E+04 .1479E+00
.1511E+04 .1436E+00
.1512E+04 .1418E+00
.1513E+04 .1315E+00
.1514E+04 .1237E+00
.1515E+04 .1453E+00
.1516E+04 .1395E+00
.1517E+04 .1372E+00
.1518E+04 .1365E+00
.1519E+04 .1340E+00
.1520E+04 .1430E+00
.1521E+04 .1509E+00
.1522E+04 .1444E+00
.1523E+04 .1529E+00
.1524E+04 .1489E+00
.1525E+04 .1431E+00
.1526E+04 .1451E+00
.1527E+04 .1439E+00
.1528E+04 .1522E+00
.1529E+04 .1450E+00
.1530E+04 .1423E+00
.1531E+04 .1464E+00
.1532E+04 .1507E+00
.1533E+04 .1495E+00
.1534E+04 .1463E+00
.1535E+04 .1458E+00
.1536E+04 .1492E+00
.1537E+04 .1472E+00
.1538E+04 .1489E+00
.1539E+04 .1457E+00
.1540E+04 .1449E+00
.1541E+04 .1465E+00
.1542E+04 .1460E+00
.1543E+04 .1485E+00
.1544E+04 .1479E+00
.1545E+04 .1504E+00
.1546E+04 .1485E+00
.1547E+04 .1464E+00
.1548E+04 .1464E+00
.1549E+04 .1475E+00
.1550E+04 .1466E+00
.1551E+04 .1478E+00
.1552E+04 .1470E+00
.1553E+04 .1457E+00
.1554E+04 .1445E+00
.1555E+04 .1448E+00
.1556E+04 .1448E+00
.1557E+04 .1465E+00
.1558E+04 .1457E+00
.1559E+04 .1448E+00
.1560E+04 .1458E+00
.1561E+04 .1468E+00
.1562E+04 .1451E+00
.1563E+04 .1438E+00
.1564E+04 .1445E+00
.1565E+04 .1446E+00
.1566E+04 .1427E+00
.1567E+04 .1424E+00
.1568E+04 .1394E+00
.1569E+04 .1363E+00
.1570E+04 .1305E+00
.1571E+04 .1237E+00
.1572E+04 .1243E+00
.1573E+04 .1234E+00
.1574E+04 .1246E+00
.1575E+04 .1313E+00
.1576E+04 .1268E+00
.1577E+04 .1180E+00
.1578E+04 .1248E+00
.1579E+04 .1253E+00
.1580E+04 .1297E+00
.1581E+04 .1296E+00
.1582E+04 .1288E+00
.1583E+04 .1313E+00
.1584E+04 .1348E+00
.1585E+04 .1374E+00
.1586E+04 .1368E+00
.1587E+04 .1348E+00
.1588E+04 .1310E+00
.1589E+04 .1270E+00
.1590E+04 .1300E+00
.1591E+04 .1332E+00
.1592E+04 .1373E+00
.1593E+04 .1392E+00
.1594E+04 .1392E+00
.1595E+04 .1372E+00
.1596E+04 .1331E+00
.1597E+04 .1363E+00
.1598E+04 .1365E+00
.1599E+04 .1311E+00
.1600E+04 .1256E+00
.1601E+04 .1193E+00
.1602E+04 .1186E+00
.1603E+04 .1186E+00
.1604E+04 .1200E+00
.1605E+04 .1271E+00
.1606E+04 .1283E+00
.1607E+04 .1252E+00
.1608E+04 .1211E+00
.1609E+04 .1166E+00
.1610E+04 .1171E+00
.1611E+04 .1207E+00
.1612E+04 .1239E+00
.1613E+04 .1261E+00
.1614E+04 .1280E+00
.1615E+04 .1261E+00
.1616E+04 .1250E+00
.1617E+04 .1281E+00
.1618E+04 .1305E+00
.1619E+04 .1286E+00
.1620E+04 .1259E+00
.1621E+04 .1276E+00
.1622E+04 .1297E+00
.1623E+04 .1317E+00
.1624E+04 .1303E+00
.1625E+04 .1299E+00
.1626E+04 .1301E+00
.1627E+04 .1311E+00
.1628E+04 .1307E+00
.1629E+04 .1295E+00
.1630E+04 .1288E+00
.1631E+04 .1281E+00
.1632E+04 .1280E+00
.1633E+04 .1242E+00
.1634E+04 .1268E+00
.1635E+04 .1253E+00
.1636E+04 .1239E+00
.1637E+04 .1224E+00
.1638E+04 .1153E+00
.1639E+04 .1192E+00
.1640E+04 .1140E+00
.1641E+04 .1171E+00
.1642E+04 .1192E+00
.1643E+04 .1133E+00
.1644E+04 .1194E+00
.1645E+04 .1174E+00
.1646E+04 .1158E+00
.1647E+04 .1220E+00
.1648E+04 .1142E+00
.1649E+04 .1184E+00
.1650E+04 .1199E+00
.1651E+04 .1119E+00
.1652E+04 .1198E+00
.1653E+04 .1208E+00
.1654E+04 .1152E+00
.1655E+04 .1212E+00
.1656E+04 .1197E+00
.1657E+04 .1204E+00
.1658E+04 .1218E+00
.1659E+04 .1209E+00
.1660E+04 .1221E+00
.1661E+04 .1217E+00
.1662E+04 .1187E+00
.1663E+04 .1208E+00
.1664E+04 .1199E+00
.1665E+04 .1135E+00
.1666E+04 .9425E-01
.1667E+04 .1125E+00
.1668E+04 .1163E+00
.1669E+04 .1176E+00
.1670E+04 .1193E+00
.1671E+04 .1160E+00
.1672E+04 .1146E+00
.1673E+04 .1172E+00
.1674E+04 .1149E+00
.1675E+04 .1131E+00
.1676E+04 .1141E+00
.1677E+04 .1139E+00
.1678E+04 .1109E+00
.1679E+04 .1127E+00
.1680E+04 .1082E+00
.1681E+04 .1050E+00
.1682E+04 .1106E+00
.1683E+04 .1131E+00
.1684E+04 .1059E+00
.1685E+04 .1143E+00
.1686E+04 .1141E+00
.1687E+04 .1103E+00
.1688E+04 .1134E+00
.1689E+04 .1123E+00
.1690E+04 .1123E+00
.1691E+04 .1038E+00
.1692E+04 .1121E+00
.1693E+04 .1146E+00
.1694E+04 .1109E+00
.1695E+04 .1134E+00
.1696E+04 .1135E+00
.1697E+04 .9786E-01
.1698E+04 .1125E+00
.1699E+04 .1112E+00
.1700E+04 .1085E+00
.1702E+04 .1098E+00
.1705E+04 .1071E+00
.1710E+04 .1019E+00
.1715E+04 .1025E+00
.1720E+04 .1012E+00
.1725E+04 .9501E-01
.1730E+04 .9434E-01
.1735E+04 .8837E-01
.1740E+04 .8970E-01
.1745E+04 .8496E-01
.1750E+04 .9002E-01
.1755E+04 .8376E-01
.1760E+04 .8675E-01
.1765E+04 .7256E-01
.1770E+04 .7777E-01
.1775E+04 .6401E-01
.1780E+04 .5549E-01
.1785E+04 .4298E-01
.1790E+04 .4886E-01
.1795E+04 .2585E-01
.1800E+04 .1808E-01
.1805E+04 .8722E-02
.1810E+04 .6269E-02
.1815E+04 .2258E-02
.1820E+04 .6664E-03
.1825E+04 .9228E-03
.1830E+04 .4828E-05
.1835E+04 .7374E-05
.1840E+04 .8127E-07
.1845E+04 .6118E-05
.1850E+04 .2816E-05
.1855E+04 .3076E-06
.1860E+04 .1015E-04
.1865E+04 .1414E-04
.1870E+04 .3808E-09
.1875E+04 .6606E-09
.1880E+04 .5970E-04
.1885E+04 .3943E-04
.1890E+04 .1760E-03
.1895E+04 .1005E-03
.1900E+04 .8408E-06
.1905E+04 .5505E-06
.1910E+04 .2095E-04
.1915E+04 .1729E-04
.1920E+04 .3149E-03
.1925E+04 .6191E-03
.1930E+04 .3877E-03
.1935E+04 .2282E-02
.1940E+04 .2224E-02
.1945E+04 .6326E-02
.1950E+04 .8612E-02
.1955E+04 .4663E-02
.1960E+04 .1092E-01
.1965E+04 .1420E-01
.1970E+04 .2485E-01
.1975E+04 .3655E-01
.1980E+04 .4087E-01
.1985E+04 .4505E-01
.1990E+04 .4695E-01
.1995E+04 .4374E-01
.2000E+04 .1712E-01
.2005E+04 .5715E-02
.2010E+04 .1721E-01
.2015E+04 .1098E-01
.2020E+04 .2065E-01
.2025E+04 .3740E-01
.2030E+04 .4482E-01
.2035E+04 .5155E-01
.2040E+04 .4817E-01
.2045E+04 .4866E-01
.2050E+04 .3421E-01
.2055E+04 .2653E-01
.2060E+04 .3545E-01
.2065E+04 .3104E-01
.2070E+04 .3353E-01
.2075E+04 .4091E-01
.2080E+04 .4734E-01
.2085E+04 .4635E-01
.2090E+04 .4879E-01
.2095E+04 .4962E-01
.2100E+04 .4776E-01
.2105E+04 .5160E-01
.2110E+04 .4961E-01
.2115E+04 .5083E-01
.2120E+04 .4835E-01
.2125E+04 .4900E-01
.2130E+04 .4955E-01
.2135E+04 .4977E-01
.2140E+04 .5007E-01
.2145E+04 .4950E-01
.2150E+04 .4663E-01
.2155E+04 .4672E-01
.2160E+04 .4612E-01
.2165E+04 .4228E-01
.2170E+04 .4487E-01
.2175E+04 .4410E-01
.2180E+04 .4504E-01
.2185E+04 .4106E-01
.2190E+04 .4368E-01
.2195E+04 .4334E-01
.2200E+04 .3842E-01
.2205E+04 .4036E-01
.2210E+04 .4344E-01
.2215E+04 .4170E-01
.2220E+04 .4243E-01
.2225E+04 .4128E-01
.2230E+04 .4136E-01
.2235E+04 .4045E-01
.2240E+04 .3994E-01
.2245E+04 .3847E-01
.2250E+04 .3932E-01
.2255E+04 .3677E-01
.2260E+04 .3625E-01
.2265E+04 .3718E-01
.2270E+04 .3504E-01
.2275E+04 .3451E-01
.2280E+04 .3611E-01
.2285E+04 .3386E-01
.2290E+04 .3388E-01
.2295E+04 .3296E-01
.2300E+04 .3134E-01
.2305E+04 .3163E-01
.2310E+04 .3480E-01
.2315E+04 .3113E-01
.2320E+04 .2741E-01
.2325E+04 .3075E-01
.2330E+04 .3066E-01
.2335E+04 .3126E-01
.2340E+04 .2465E-01
.2345E+04 .2748E-01
.2350E+04 .2207E-01
.2355E+04 .2541E-01
.2360E+04 .2698E-01
.2365E+04 .2686E-01
.2370E+04 .1598E-01
.2375E+04 .2364E-01
.2380E+04 .2311E-01
.2385E+04 .1672E-01
.2390E+04 .1973E-01
.2395E+04 .2148E-01
.2400E+04 .2351E-01
.2405E+04 .1823E-01
.2410E+04 .1837E-01
.2415E+04 .1494E-01
.2420E+04 .1442E-01
.2425E+04 .1792E-01
.2430E+04 .2417E-01
.2435E+04 .8255E-02
.2440E+04 .2370E-01
.2445E+04 .1151E-01
.2450E+04 .7611E-02
.2455E+04 .1399E-01
.2460E+04 .1822E-01
.2465E+04 .1327E-01
.2470E+04 .9249E-02
.2475E+04 .9171E-02
.2480E+04 .4805E-02
.2485E+04 .3338E-02
.2490E+04 .2042E-02
.2495E+04 .1832E-02
.2500E+04 .4174E-02
.2505E+04 .1021E-02
.2510E+04 .1461E-02
.2515E+04 .3769E-03
.2520E+04 .2358E-03
.2525E+04 .3891E-04
.2530E+04 .4223E-06
.2535E+04 .1056E-06
.2540E+04 .2946E-06
.2545E+04 .5331E-10
.2550E+04 .4640E-11
.2555E+04 .2269E-08
.2560E+04 .2623E-09
.2565E+04 .1256E-12
.2570E+04 .4701E-17
.2575E+04 .1743E-24
.2580E+04 .6067E-20
.2585E+04 .8544E-31
.2590E+04 .6011E-28
.2595E+04 .1672E-28
.2600E+04 .1698E-25
.2605E+04 .2047E-29
.2610E+04 .1519E-30
.2615E+04 .6767E-33
.2620E+04 .1510E-24
.2625E+04 .5114E-26
.2630E+04 .1176E-40
.2635E+04 .1946E-14
.2640E+04 .5340E-15
.2645E+04 .3566E-17
.2650E+04 .1124E-17
.2655E+04 .4235E-25
.2660E+04 .5577E-22
.2665E+04 .1537E-32
.2670E+04 .0000E+00
.2675E+04 .0000E+00
.2680E+04 .0000E+00
.2685E+04 .0000E+00
.2690E+04 .7518E-30
.2695E+04 .1504E-30
.2700E+04 .0000E+00
.2705E+04 .0000E+00
.2710E+04 .7174E-34
.2715E+04 .3148E-26
.2720E+04 .5717E-41
.2725E+04 .6996E-19
.2730E+04 .1581E-18
.2735E+04 .8997E-20
.2740E+04 .2990E-23
.2745E+04 .7654E-22
.2750E+04 .3327E-28
.2755E+04 .0000E+00
.2760E+04 .0000E+00
.2765E+04 .6186E-26
.2770E+04 .1046E-22
.2775E+04 .9089E-41
.2780E+04 .2793E-36
.2785E+04 .6785E-28
.2790E+04 .1818E-16
.2795E+04 .1429E-15
.2800E+04 .5603E-12
.2805E+04 .3303E-13
.2810E+04 .1834E-09
.2815E+04 .1641E-09
.2820E+04 .1738E-10
.2825E+04 .9506E-07
.2830E+04 .2345E-05
.2835E+04 .1903E-09
.2840E+04 .1430E-06
.2845E+04 .2387E-04
.2850E+04 .7926E-06
.2855E+04 .3868E-06
.2860E+04 .1717E-04
.2865E+04 .1002E-03
.2870E+04 .4579E-05
.2875E+04 .2402E-03
.2880E+04 .1802E-03
.2885E+04 .2834E-03
.2890E+04 .1303E-03
.2895E+04 .1629E-02
.2900E+04 .5642E-03
.2905E+04 .9026E-04
.2910E+04 .1182E-02
.2915E+04 .8196E-03
.2920E+04 .1781E-02
.2925E+04 .6871E-03
.2930E+04 .3620E-02
.2935E+04 .3871E-02
.2940E+04 .1032E-02
.2945E+04 .9594E-03
.2950E+04 .3129E-02
.2955E+04 .1491E-02
.2960E+04 .2788E-02
.2965E+04 .4373E-02
.2970E+04 .2449E-03
.2975E+04 .5929E-03
.2980E+04 .8362E-03
.2985E+04 .4144E-02
.2990E+04 .6092E-02
.2995E+04 .2556E-02
.3000E+04 .4625E-02
.3005E+04 .1728E-02
.3010E+04 .4052E-02
.3015E+04 .3320E-02
.3020E+04 .4222E-03
.3025E+04 .4394E-02
.3030E+04 .3587E-02
.3035E+04 .1559E-02
.3040E+04 .1301E-02
.3045E+04 .2421E-02
.3050E+04 .7213E-03
.3055E+04 .2106E-03
.3060E+04 .3693E-02
.3065E+04 .1815E-02
.3070E+04 .1146E-02
.3075E+04 .3548E-02
.3080E+04 .2313E-02
.3085E+04 .1092E-02
.3090E+04 .1541E-02
.3095E+04 .4473E-03
.3100E+04 .2667E-02
.3105E+04 .6099E-03
.3110E+04 .5886E-03
.3115E+04 .1476E-02
.3120E+04 .5766E-02
.3125E+04 .1953E-02
.3130E+04 .3455E-02
.3135E+04 .6686E-02
.3140E+04 .2009E-02
.3145E+04 .1960E-02
.3150E+04 .3939E-02
.3155E+04 .3306E-02
.3160E+04 .5269E-02
.3165E+04 .7952E-02
.3170E+04 .7260E-02
.3175E+04 .5120E-02
.3180E+04 .6150E-02
.3185E+04 .4382E-02
.3190E+04 .2501E-02
.3195E+04 .1522E-02
.3200E+04 .2751E-03
.3205E+04 .1990E-03
.3210E+04 .9507E-04
.3215E+04 .3161E-03
.3220E+04 .8976E-03
.3225E+04 .1442E-03
.3230E+04 .2123E-03
.3235E+04 .4176E-02
.3240E+04 .1934E-02
.3245E+04 .4862E-03
.3250E+04 .1383E-02
.3255E+04 .5593E-02
.3260E+04 .6676E-03
.3265E+04 .1521E-02
.3270E+04 .6872E-03
.3275E+04 .3449E-02
.3280E+04 .1572E-02
.3285E+04 .6355E-02
.3290E+04 .4779E-02
.3295E+04 .7893E-03
.3300E+04 .1045E-02
.3305E+04 .2284E-02
.3310E+04 .2010E-02
.3315E+04 .2963E-05
.3320E+04 .2695E-04
.3325E+04 .1744E-02
.3330E+04 .2625E-02
.3335E+04 .4955E-02
.3340E+04 .2060E-02
.3345E+04 .1901E-02
.3350E+04 .4645E-02
.3355E+04 .1993E-02
.3360E+04 .2983E-02
.3365E+04 .4096E-02
.3370E+04 .2017E-02
.3375E+04 .4845E-02
.3380E+04 .2628E-02
.3385E+04 .4171E-02
.3390E+04 .5295E-02
.3395E+04 .5268E-02
.3400E+04 .7039E-02
.3405E+04 .2237E-02
.3410E+04 .3980E-02
.3415E+04 .3740E-02
.3420E+04 .7434E-02
.3425E+04 .5349E-02
.3430E+04 .4511E-02
.3435E+04 .6601E-02
.3440E+04 .4206E-02
.3445E+04 .6319E-02
.3450E+04 .6101E-02
.3455E+04 .4486E-02
.3460E+04 .7088E-02
.3465E+04 .5224E-02
.3470E+04 .6895E-02
.3475E+04 .6028E-02
.3480E+04 .6165E-02
.3485E+04 .6752E-02
.3490E+04 .5705E-02
.3495E+04 .6835E-02
.3500E+04 .6665E-02
.3505E+04 .6600E-02
.3510E+04 .6720E-02
.3515E+04 .6467E-02
.3520E+04 .6832E-02
.3525E+04 .6398E-02
.3530E+04 .6216E-02
.3535E+04 .5148E-02
.3540E+04 .4904E-02
.3545E+04 .5192E-02
.3550E+04 .5858E-02
.3555E+04 .5040E-02
.3560E+04 .6026E-02
.3565E+04 .5970E-02
.3570E+04 .4654E-02
.3575E+04 .4751E-02
.3580E+04 .5639E-02
.3585E+04 .5049E-02
.3590E+04 .5275E-02
.3595E+04 .5402E-02
.3600E+04 .5753E-02
.3605E+04 .5699E-02
.3610E+04 .5278E-02
.3615E+04 .5314E-02
.3620E+04 .6488E-02
.3625E+04 .5641E-02
.3630E+04 .5555E-02
.3635E+04 .5741E-02
.3640E+04 .6387E-02
.3645E+04 .5787E-02
.3650E+04 .5573E-02
.3655E+04 .6083E-02
.3660E+04 .6061E-02
.3665E+04 .5615E-02
.3670E+04 .4390E-02
.3675E+04 .2699E-02
.3680E+04 .4600E-02
.3685E+04 .5180E-02
.3690E+04 .5343E-02
.3695E+04 .5581E-02
.3700E+04 .5992E-02
.3705E+04 .5908E-02
.3710E+04 .5133E-02
.3715E+04 .5081E-02
.3720E+04 .5759E-02
.3725E+04 .5890E-02
.3730E+04 .5118E-02
.3735E+04 .4706E-02
.3740E+04 .4820E-02
.3745E+04 .5602E-02
.3750E+04 .5113E-02
.3755E+04 .4972E-02
.3760E+04 .4917E-02
.3765E+04 .4723E-02
.3770E+04 .5069E-02
.3775E+04 .5009E-02
.3780E+04 .5295E-02
.3785E+04 .4856E-02
.3790E+04 .4286E-02
.3795E+04 .4871E-02
.3800E+04 .5426E-02
.3805E+04 .5110E-02
.3810E+04 .4546E-02
.3815E+04 .4268E-02
.3820E+04 .5325E-02
.3825E+04 .5239E-02
.3830E+04 .5308E-02
.3835E+04 .4223E-02
.3840E+04 .4927E-02
.3845E+04 .4791E-02
.3850E+04 .4828E-02
.3855E+04 .4642E-02
.3860E+04 .4332E-02
.3865E+04 .4330E-02
.3870E+04 .3897E-02
.3875E+04 .3530E-02
.3880E+04 .3392E-02
.3885E+04 .3513E-02
.3890E+04 .3581E-02
.3895E+04 .3956E-02
.3900E+04 .4278E-02
.3905E+04 .4232E-02
.3910E+04 .3744E-02
.3915E+04 .3647E-02
.3920E+04 .3648E-02
.3925E+04 .3590E-02
.3930E+04 .3715E-02
.3935E+04 .3889E-02
.3940E+04 .3949E-02
.3945E+04 .4033E-02
.3950E+04 .4104E-02
.3955E+04 .4144E-02
.3960E+04 .4186E-02
.3965E+04 .4222E-02
.3970E+04 .4172E-02
.3975E+04 .4051E-02
.3980E+04 .3985E-02
.3985E+04 .4005E-02
.3990E+04 .3954E-02
.3995E+04 .3870E-02
.4000E+04 .3711E-02
