8.0 41
8.0167 43
8.0333 44
8.05 46
8.0667 48
8.0833 50
8.1 52
8.1167 53
8.1333 55
8.15 57
8.1667 59
8.1833 61
8.2 63
8.2167 66
8.2333 68
8.25 70
8.2667 72
8.2833 74
8.3 76
8.3167 78
8.3333 81
8.35 83
8.3667 85
8.3833 88
8.4 90
8.4167 93
8.4333 95
8.45 97
8.4667 100
8.4833 102
8.5 105
8.5167 107
8.5333 110
8.55 112
8.5667 115
8.5833 117
8.6 120
8.6167 122
8.6333 125
8.65 127
8.6667 130
8.6833 133
8.7 135
8.7167 138
8.7333 141
8.75 143
8.7667 146
8.7833 148
8.8 151
8.8167 154
8.8333 157
8.85 159
8.8667 162
8.8833 165
8.9 167
8.9167 170
8.9333 173
8.95 176
8.9667 178
8.9833 181
9.0 184
9.0167 187
9.0333 190
9.05 192
9.0667 195
9.0833 198
9.1 201
9.1167 204
9.1333 206
9.15 209
9.1667 212
9.1833 215
9.2 218
9.2167 220
9.2333 223
9.25 226
9.2667 229
9.2833 232
9.3 235
9.3167 237
9.3333 240
9.35 243
9.3667 246
9.3833 249
9.4 251
9.4167 254
9.4333 257
9.45 260
9.4667 263
9.4833 265
9.5 268
9.5167 271
9.5333 274
9.55 277
9.5667 279
9.5833 282
9.6 285
9.6167 288
9.6333 290
9.65 293
9.6667 296
9.6833 299
9.7 301
9.7167 304
9.7333 307
9.75 310
9.7667 312
9.7833 315
9.8 318
9.8167 320
9.8333 323
9.85 326
9.8667 329
9.8833 331
9.9 334
9.9167 337
9.9333 339
9.95 342
9.9667 344
9.9833 347
10.0 350
10.0167 352
10.0333 355
10.05 358
10.0667 360
10.0833 363
10.1 365
10.1167 368
10.1333 370
10.15 373
10.1667 375
10.1833 378
10.2 380
10.2167 383
10.2333 385
10.25 388
10.2667 390
10.2833 393
10.3 395
10.3167 398
10.3333 400
10.35 403
10.3667 405
10.3833 407
10.4 410
10.4167 412
10.4333 414
10.45 417
10.4667 419
10.4833 421
10.5 424
10.5167 426
10.5333 428
10.55 431
10.5667 433
10.5833 435
10.6 437
10.6167 440
10.6333 442
10.65 444
10.6667 446
10.6833 448
10.7 450
10.7167 453
10.7333 455
10.75 457
10.7667 459
10.7833 461
10.8 463
10.8167 465
10.8333 467
10.85 469
10.8667 471
10.8833 473
10.9 475
10.9167 477
10.9333 479
10.95 481
10.9667 483
10.9833 485
11.0 487
11.0167 489
11.0333 491
11.05 492
11.0667 494
11.0833 496
11.1 498
11.1167 500
11.1333 501
11.15 503
11.1667 505
11.1833 507
11.2 508
11.2167 510
11.2333 512
11.25 513
11.2667 515
11.2833 517
11.3 518
11.3167 520
11.3333 522
11.35 523
11.3667 525
11.3833 526
11.4 528
11.4167 529
11.4333 531
11.45 532
11.4667 534
11.4833 535
11.5 537
11.5167 538
11.5333 539
11.55 541
11.5667 542
11.5833 543
11.6 545
11.6167 546
11.6333 547
11.65 549
11.6667 550
11.6833 551
11.7 552
11.7167 554
11.7333 555
11.75 556
11.7667 557
11.7833 558
11.8 559
11.8167 560
11.8333 562
11.85 563
11.8667 564
11.8833 565
11.9 566
11.9167 567
11.9333 568
11.95 569
11.9667 570
11.9833 570
12.0 571
12.0167 572
12.0333 573
12.05 574
12.0667 575
12.0833 576
12.1 576
12.1167 577
12.1333 578
12.15 579
12.1667 580
12.1833 580
12.2 581
12.2167 582
12.2333 582
12.25 583
12.2667 584
12.2833 584
12.3 585
12.3167 585
12.3333 586
12.35 586
12.3667 587
12.3833 587
12.4 588
12.4167 588
12.4333 589
12.45 589
12.4667 590
12.4833 590
12.5 590
12.5167 591
12.5333 591
12.55 591
12.5667 592
12.5833 592
12.6 592
12.6167 592
12.6333 593
12.65 593
12.6667 593
12.6833 593
12.7 593
12.7167 593
12.7333 593
12.75 594
12.7667 594
12.7833 594
12.8 594
12.8167 594
12.8333 594
12.85 594
12.8667 594
12.8833 594
12.9 594
12.9167 593
12.9333 593
12.95 593
12.9667 593
12.9833 593
13.0 593
13.0167 592
13.0333 592
13.05 592
13.0667 592
13.0833 591
13.1 591
13.1167 591
13.1333 591
13.15 590
13.1667 590
13.1833 589
13.2 589
13.2167 589
13.2333 588
13.25 588
13.2667 587
13.2833 587
13.3 586
13.3167 586
13.3333 585
13.35 584
13.3667 584
13.3833 583
13.4 583
13.4167 582
13.4333 581
13.45 581
13.4667 580
13.4833 579
13.5 578
13.5167 578
13.5333 577
13.55 576
13.5667 575
13.5833 575
13.6 574
13.6167 573
13.6333 572
13.65 571
13.6667 570
13.6833 569
13.7 568
13.7167 567
13.7333 566
13.75 565
13.7667 564
13.7833 563
13.8 562
13.8167 561
13.8333 560
13.85 559
13.8667 558
13.8833 557
13.9 555
13.9167 554
13.9333 553
13.95 552
13.9667 551
13.9833 549
14.0 548
14.0167 547
14.0333 546
14.05 544
14.0667 543
14.0833 542
14.1 540
14.1167 539
14.1333 537
14.15 536
14.1667 535
14.1833 533
14.2 532
14.2167 530
14.2333 529
14.25 527
14.2667 526
14.2833 524
14.3 523
14.3167 521
14.3333 519
14.35 518
14.3667 516
14.3833 514
14.4 513
14.4167 511
14.4333 509
14.45 508
14.4667 506
14.4833 504
14.5 503
14.5167 501
14.5333 499
14.55 497
14.5667 495
14.5833 494
14.6 492
14.6167 490
14.6333 488
14.65 486
14.6667 484
14.6833 482
14.7 480
14.7167 478
14.7333 476
14.75 474
14.7667 472
14.7833 470
14.8 468
14.8167 466
14.8333 464
14.85 462
14.8667 460
14.8833 458
14.9 456
14.9167 454
14.9333 452
14.95 450
14.9667 447
14.9833 445
15.0 444
15.0167 442
15.0333 439
15.05 437
15.0667 435
15.0833 433
15.1 430
15.1167 428
15.1333 426
15.15 424
15.1667 421
15.1833 419
15.2 417
15.2167 414
15.2333 412
15.25 410
15.2667 407
15.2833 405
15.3 402
15.3167 400
15.3333 398
15.35 395
15.3667 393
15.3833 390
15.4 388
15.4167 385
15.4333 383
15.45 380
15.4667 378
15.4833 375
15.5 373
15.5167 370
15.5333 368
15.55 365
15.5667 362
15.5833 360
15.6 357
15.6167 355
15.6333 352
15.65 349
15.6667 347
15.6833 344
15.7 342
15.7167 339
15.7333 336
15.75 334
15.7667 331
15.7833 328
15.8 326
15.8167 323
15.8333 320
15.85 317
15.8667 315
15.8833 312
15.9 309
15.9167 307
15.9333 304
15.95 301
15.9667 298
15.9833 296
16.0 293
16.0167 290
16.0333 287
16.05 285
16.0667 282
16.0833 279
16.1 276
16.1167 273
16.1333 271
16.15 268
16.1667 265
16.1833 262
16.2 259
16.2167 257
16.2333 254
16.25 251
16.2667 248
16.2833 245
16.3 243
16.3167 240
16.3333 237
16.35 234
16.3667 231
16.3833 228
16.4 226
16.4167 223
16.4333 220
16.45 217
16.4667 214
16.4833 212
16.5 209
16.5167 206
16.5333 203
16.55 200
16.5667 198
16.5833 195
16.6 192
16.6167 189
16.6333 186
16.65 184
16.6667 181
16.6833 178
16.7 175
16.7167 173
16.7333 170
16.75 167
16.7667 164
16.7833 162
16.8 159
16.8167 156
16.8333 154
16.85 151
16.8667 148
16.8833 145
16.9 143
16.9167 140
16.9333 138
16.95 135
16.9667 132
16.9833 130
