8.0 124
8.0167 127
8.0333 130
8.05 133
8.0667 136
8.0833 139
8.1 143
8.1167 146
8.1333 149
8.15 152
8.1667 156
8.1833 159
8.2 162
8.2167 165
8.2333 169
8.25 172
8.2667 175
8.2833 178
8.3 182
8.3167 185
8.3333 188
8.35 192
8.3667 195
8.3833 198
8.4 202
8.4167 205
8.4333 208
8.45 212
8.4667 215
8.4833 218
8.5 222
8.5167 225
8.5333 229
8.55 232
8.5667 235
8.5833 239
8.6 242
8.6167 245
8.6333 249
8.65 252
8.6667 255
8.6833 259
8.7 262
8.7167 265
8.7333 269
8.75 272
8.7667 275
8.7833 279
8.8 282
8.8167 285
8.8333 289
8.85 292
8.8667 295
8.8833 298
8.9 302
8.9167 305
8.9333 308
8.95 312
8.9667 315
8.9833 318
9.0 321
9.0167 324
9.0333 327
9.05 330
9.0667 334
9.0833 337
9.1 340
9.1167 343
9.1333 346
9.15 350
9.1667 353
9.1833 356
9.2 359
9.2167 362
9.2333 366
9.25 369
9.2667 372
9.2833 375
9.3 378
9.3167 381
9.3333 384
9.35 387
9.3667 390
9.3833 393
9.4 397
9.4167 400
9.4333 403
9.45 406
9.4667 409
9.4833 412
9.5 415
9.5167 418
9.5333 421
9.55 424
9.5667 427
9.5833 429
9.6 432
9.6167 435
9.6333 438
9.65 441
9.6667 444
9.6833 447
9.7 450
9.7167 453
9.7333 455
9.75 458
9.7667 461
9.7833 464
9.8 467
9.8167 469
9.8333 472
9.85 475
9.8667 478
9.8833 480
9.9 483
9.9167 486
9.9333 488
9.95 491
9.9667 494
9.9833 496
10.0 499
10.0167 502
10.0333 504
10.05 507
10.0667 509
10.0833 512
10.1 514
10.1167 517
10.1333 519
10.15 522
10.1667 524
10.1833 527
10.2 529
10.2167 532
10.2333 534
10.25 537
10.2667 539
10.2833 541
10.3 544
10.3167 546
10.3333 548
10.35 551
10.3667 553
10.3833 555
10.4 558
10.4167 560
10.4333 562
10.45 564
10.4667 566
10.4833 569
10.5 571
10.5167 573
10.5333 575
10.55 577
10.5667 579
10.5833 581
10.6 584
10.6167 586
10.6333 588
10.65 590
10.6667 592
10.6833 594
10.7 596
10.7167 598
10.7333 599
10.75 601
10.7667 603
10.7833 605
10.8 607
10.8167 609
10.8333 611
10.85 613
10.8667 614
10.8833 616
10.9 618
10.9167 620
10.9333 621
10.95 623
10.9667 625
10.9833 627
11.0 628
11.0167 630
11.0333 631
11.05 633
11.0667 635
11.0833 636
11.1 638
11.1167 639
11.1333 641
11.15 642
11.1667 644
11.1833 645
11.2 647
11.2167 648
11.2333 650
11.25 651
11.2667 652
11.2833 654
11.3 655
11.3167 656
11.3333 658
11.35 659
11.3667 660
11.3833 661
11.4 663
11.4167 664
11.4333 665
11.45 666
11.4667 667
11.4833 669
11.5 670
11.5167 671
11.5333 672
11.55 673
11.5667 674
11.5833 675
11.6 676
11.6167 677
11.6333 678
11.65 679
11.6667 680
11.6833 681
11.7 682
11.7167 682
11.7333 683
11.75 684
11.7667 685
11.7833 686
11.8 687
11.8167 687
11.8333 688
11.85 689
11.8667 689
11.8833 690
11.9 691
11.9167 691
11.9333 692
11.95 693
11.9667 693
11.9833 694
12.0 694
12.0167 695
12.0333 695
12.05 696
12.0667 696
12.0833 697
12.1 697
12.1167 698
12.1333 698
12.15 698
12.1667 699
12.1833 699
12.2 699
12.2167 700
12.2333 700
12.25 700
12.2667 700
12.2833 701
12.3 701
12.3167 701
12.3333 701
12.35 701
12.3667 701
12.3833 701
12.4 702
12.4167 702
12.4333 702
12.45 702
12.4667 702
12.4833 702
12.5 702
12.5167 702
12.5333 701
12.55 701
12.5667 701
12.5833 701
12.6 701
12.6167 701
12.6333 701
12.65 700
12.6667 700
12.6833 700
12.7 700
12.7167 699
12.7333 699
12.75 699
12.7667 698
12.7833 698
12.8 698
12.8167 697
12.8333 697
12.85 696
12.8667 696
12.8833 695
12.9 695
12.9167 694
12.9333 694
12.95 693
12.9667 693
12.9833 692
13.0 691
13.0167 691
13.0333 690
13.05 689
13.0667 689
13.0833 688
13.1 687
13.1167 686
13.1333 686
13.15 685
13.1667 684
13.1833 683
13.2 682
13.2167 681
13.2333 681
13.25 680
13.2667 679
13.2833 678
13.3 677
13.3167 676
13.3333 675
13.35 674
13.3667 673
13.3833 672
13.4 671
13.4167 669
13.4333 668
13.45 667
13.4667 666
13.4833 665
13.5 664
13.5167 662
13.5333 661
13.55 660
13.5667 659
13.5833 657
13.6 656
13.6167 655
13.6333 653
13.65 652
13.6667 651
13.6833 649
13.7 648
13.7167 646
13.7333 645
13.75 644
13.7667 642
13.7833 641
13.8 639
13.8167 637
13.8333 636
13.85 634
13.8667 633
13.8833 631
13.9 629
13.9167 628
13.9333 626
13.95 624
13.9667 623
13.9833 621
14.0 619
14.0167 618
14.0333 616
14.05 614
14.0667 612
14.0833 610
14.1 609
14.1167 607
14.1333 605
14.15 603
14.1667 601
14.1833 599
14.2 597
14.2167 595
14.2333 593
14.25 591
14.2667 589
14.2833 587
14.3 585
14.3167 583
14.3333 581
14.35 579
14.3667 577
14.3833 575
14.4 573
14.4167 570
14.4333 568
14.45 566
14.4667 564
14.4833 562
14.5 559
14.5167 557
14.5333 555
14.55 553
14.5667 550
14.5833 548
14.6 546
14.6167 543
14.6333 541
14.65 538
14.6667 536
14.6833 534
14.7 531
14.7167 529
14.7333 526
14.75 524
14.7667 521
14.7833 519
14.8 516
14.8167 514
14.8333 511
14.85 509
14.8667 506
14.8833 504
14.9 501
14.9167 498
14.9333 496
14.95 493
14.9667 491
14.9833 488
15.0 485
15.0167 482
15.0333 479
15.05 477
15.0667 474
15.0833 471
15.1 468
15.1167 466
15.1333 463
15.15 460
15.1667 457
15.1833 454
15.2 452
15.2167 449
15.2333 446
15.25 443
15.2667 440
15.2833 437
15.3 434
15.3167 431
15.3333 428
15.35 426
15.3667 423
15.3833 420
15.4 417
15.4167 414
15.4333 411
15.45 408
15.4667 405
15.4833 402
15.5 399
15.5167 395
15.5333 392
15.55 389
15.5667 386
15.5833 383
15.6 380
15.6167 377
15.6333 374
15.65 371
15.6667 368
15.6833 364
15.7 361
15.7167 358
15.7333 355
15.75 352
15.7667 349
15.7833 345
15.8 342
15.8167 339
15.8333 336
15.85 333
15.8667 329
15.8833 326
15.9 323
15.9167 320
15.9333 316
15.95 313
15.9667 310
15.9833 307
16.0 303
16.0167 300
16.0333 297
16.05 293
16.0667 290
16.0833 287
16.1 283
16.1167 280
16.1333 277
16.15 273
16.1667 270
16.1833 267
16.2 263
16.2167 260
16.2333 257
16.25 253
16.2667 250
16.2833 247
16.3 243
16.3167 240
16.3333 237
16.35 233
16.3667 230
16.3833 227
16.4 223
16.4167 220
16.4333 217
16.45 213
16.4667 210
16.4833 207
16.5 203
16.5167 200
16.5333 197
16.55 193
16.5667 190
16.5833 187
16.6 183
16.6167 180
16.6333 177
16.65 173
16.6667 170
16.6833 167
16.7 164
16.7167 160
16.7333 157
16.75 154
16.7667 151
16.7833 147
16.8 144
16.8167 141
16.8333 138
16.85 135
16.8667 131
16.8833 128
16.9 125
16.9167 122
16.9333 119
16.95 116
16.9667 113
16.9833 110
