8.0 56
8.0167 58
8.0333 61
8.05 64
8.0667 66
8.0833 69
8.1 72
8.1167 74
8.1333 77
8.15 80
8.1667 83
8.1833 86
8.2 89
8.2167 91
8.2333 94
8.25 97
8.2667 100
8.2833 103
8.3 106
8.3167 109
8.3333 113
8.35 116
8.3667 119
8.3833 121
8.4 125
8.4167 128
8.4333 131
8.45 134
8.4667 137
8.4833 141
8.5 144
8.5167 147
8.5333 150
8.55 154
8.5667 157
8.5833 160
8.6 163
8.6167 167
8.6333 170
8.65 173
8.6667 177
8.6833 180
8.7 183
8.7167 187
8.7333 190
8.75 193
8.7667 197
8.7833 200
8.8 203
8.8167 207
8.8333 210
8.85 213
8.8667 217
8.8833 220
8.9 223
8.9167 227
8.9333 230
8.95 233
8.9667 237
8.9833 240
9.0 243
9.0167 247
9.0333 250
9.05 253
9.0667 257
9.0833 260
9.1 263
9.1167 267
9.1333 270
9.15 273
9.1667 277
9.1833 280
9.2 283
9.2167 287
9.2333 290
9.25 293
9.2667 296
9.2833 300
9.3 303
9.3167 306
9.3333 310
9.35 313
9.3667 316
9.3833 319
9.4 322
9.4167 326
9.4333 329
9.45 332
9.4667 335
9.4833 339
9.5 342
9.5167 345
9.5333 348
9.55 351
9.5667 354
9.5833 358
9.6 361
9.6167 364
9.6333 367
9.65 370
9.6667 373
9.6833 376
9.7 379
9.7167 382
9.7333 385
9.75 389
9.7667 392
9.7833 395
9.8 398
9.8167 401
9.8333 404
9.85 407
9.8667 410
9.8833 413
9.9 416
9.9167 419
9.9333 421
9.95 424
9.9667 427
9.9833 430
10.0 433
10.0167 436
10.0333 439
10.05 442
10.0667 444
10.0833 447
10.1 450
10.1167 453
10.1333 456
10.15 458
10.1667 461
10.1833 464
10.2 467
10.2167 469
10.2333 472
10.25 475
10.2667 478
10.2833 480
10.3 483
10.3167 486
10.3333 488
10.35 491
10.3667 493
10.3833 496
10.4 499
10.4167 501
10.4333 504
10.45 506
10.4667 509
10.4833 511
10.5 514
10.5167 516
10.5333 519
10.55 521
10.5667 523
10.5833 526
10.6 528
10.6167 531
10.6333 533
10.65 535
10.6667 538
10.6833 540
10.7 542
10.7167 545
10.7333 547
10.75 549
10.7667 551
10.7833 554
10.8 556
10.8167 558
10.8333 560
10.85 562
10.8667 564
10.8833 567
10.9 569
10.9167 571
10.9333 573
10.95 575
10.9667 577
10.9833 579
11.0 581
11.0167 583
11.0333 585
11.05 587
11.0667 589
11.0833 591
11.1 593
11.1167 595
11.1333 597
11.15 598
11.1667 600
11.1833 602
11.2 604
11.2167 606
11.2333 607
11.25 609
11.2667 611
11.2833 613
11.3 614
11.3167 616
11.3333 618
11.35 619
11.3667 621
11.3833 623
11.4 624
11.4167 626
11.4333 627
11.45 629
11.4667 630
11.4833 632
11.5 633
11.5167 635
11.5333 636
11.55 638
11.5667 639
11.5833 641
11.6 642
11.6167 643
11.6333 645
11.65 646
11.6667 647
11.6833 649
11.7 650
11.7167 651
11.7333 652
11.75 654
11.7667 655
11.7833 656
11.8 657
11.8167 658
11.8333 660
11.85 661
11.8667 662
11.8833 663
11.9 664
11.9167 665
11.9333 666
11.95 667
11.9667 668
11.9833 669
12.0 670
12.0167 671
12.0333 672
12.05 672
12.0667 673
12.0833 674
12.1 675
12.1167 676
12.1333 677
12.15 677
12.1667 678
12.1833 679
12.2 679
12.2167 680
12.2333 681
12.25 681
12.2667 682
12.2833 683
12.3 683
12.3167 684
12.3333 684
12.35 685
12.3667 686
12.3833 686
12.4 686
12.4167 687
12.4333 687
12.45 688
12.4667 688
12.4833 689
12.5 689
12.5167 689
12.5333 690
12.55 690
12.5667 690
12.5833 690
12.6 691
12.6167 691
12.6333 691
12.65 691
12.6667 691
12.6833 692
12.7 692
12.7167 692
12.7333 692
12.75 692
12.7667 692
12.7833 692
12.8 692
12.8167 692
12.8333 692
12.85 692
12.8667 692
12.8833 692
12.9 692
12.9167 692
12.9333 691
12.95 691
12.9667 691
12.9833 691
13.0 691
13.0167 690
13.0333 690
13.05 690
13.0667 690
13.0833 689
13.1 689
13.1167 689
13.1333 688
13.15 688
13.1667 687
13.1833 687
13.2 686
13.2167 686
13.2333 686
13.25 685
13.2667 684
13.2833 684
13.3 683
13.3167 683
13.3333 682
13.35 682
13.3667 681
13.3833 680
13.4 680
13.4167 679
13.4333 678
13.45 677
13.4667 677
13.4833 676
13.5 675
13.5167 674
13.5333 673
13.55 672
13.5667 672
13.5833 671
13.6 670
13.6167 669
13.6333 668
13.65 667
13.6667 666
13.6833 665
13.7 664
13.7167 663
13.7333 662
13.75 661
13.7667 660
13.7833 658
13.8 657
13.8167 656
13.8333 655
13.85 654
13.8667 652
13.8833 651
13.9 650
13.9167 649
13.9333 647
13.95 646
13.9667 645
13.9833 643
14.0 642
14.0167 641
14.0333 639
14.05 638
14.0667 636
14.0833 635
14.1 634
14.1167 632
14.1333 631
14.15 629
14.1667 627
14.1833 626
14.2 624
14.2167 623
14.2333 621
14.25 619
14.2667 618
14.2833 616
14.3 614
14.3167 613
14.3333 611
14.35 609
14.3667 607
14.3833 606
14.4 604
14.4167 602
14.4333 600
14.45 598
14.4667 597
14.4833 595
14.5 593
14.5167 591
14.5333 589
14.55 587
14.5667 585
14.5833 583
14.6 581
14.6167 579
14.6333 577
14.65 575
14.6667 573
14.6833 571
14.7 569
14.7167 567
14.7333 565
14.75 562
14.7667 560
14.7833 558
14.8 556
14.8167 554
14.8333 551
14.85 549
14.8667 547
14.8833 545
14.9 542
14.9167 540
14.9333 538
14.95 535
14.9667 533
14.9833 531
15.0 529
15.0167 527
15.0333 524
15.05 522
15.0667 519
15.0833 517
15.1 514
15.1167 512
15.1333 509
15.15 507
15.1667 504
15.1833 502
15.2 499
15.2167 497
15.2333 494
15.25 492
15.2667 489
15.2833 486
15.3 484
15.3167 481
15.3333 478
15.35 476
15.3667 473
15.3833 470
15.4 468
15.4167 465
15.4333 462
15.45 459
15.4667 457
15.4833 454
15.5 451
15.5167 448
15.5333 445
15.55 442
15.5667 440
15.5833 437
15.6 434
15.6167 431
15.6333 428
15.65 425
15.6667 422
15.6833 419
15.7 416
15.7167 413
15.7333 410
15.75 408
15.7667 405
15.7833 402
15.8 398
15.8167 395
15.8333 392
15.85 389
15.8667 386
15.8833 383
15.9 380
15.9167 377
15.9333 374
15.95 371
15.9667 368
15.9833 365
16.0 362
16.0167 358
16.0333 355
16.05 352
16.0667 349
16.0833 346
16.1 343
16.1167 339
16.1333 336
16.15 333
16.1667 330
16.1833 327
16.2 323
16.2167 320
16.2333 317
16.25 314
16.2667 310
16.2833 307
16.3 304
16.3167 301
16.3333 297
16.35 294
16.3667 291
16.3833 287
16.4 284
16.4167 281
16.4333 277
16.45 274
16.4667 271
16.4833 268
16.5 264
16.5167 261
16.5333 258
16.55 254
16.5667 251
16.5833 248
16.6 244
16.6167 241
16.6333 238
16.65 234
16.6667 231
16.6833 227
16.7 224
16.7167 221
16.7333 217
16.75 214
16.7667 211
16.7833 207
16.8 204
16.8167 201
16.8333 197
16.85 194
16.8667 191
16.8833 187
16.9 184
16.9167 181
16.9333 177
16.95 174
16.9667 171
16.9833 167
