8.0 59
8.0167 61
8.0333 64
8.05 67
8.0667 69
8.0833 72
8.1 75
8.1167 78
8.1333 81
8.15 84
8.1667 87
8.1833 90
8.2 93
8.2167 96
8.2333 99
8.25 102
8.2667 105
8.2833 108
8.3 112
8.3167 115
8.3333 118
8.35 121
8.3667 124
8.3833 128
8.4 131
8.4167 134
8.4333 137
8.45 141
8.4667 144
8.4833 147
8.5 151
8.5167 154
8.5333 158
8.55 161
8.5667 164
8.5833 168
8.6 171
8.6167 174
8.6333 178
8.65 181
8.6667 185
8.6833 188
8.7 192
8.7167 195
8.7333 198
8.75 202
8.7667 205
8.7833 209
8.8 212
8.8167 216
8.8333 219
8.85 222
8.8667 226
8.8833 229
8.9 233
8.9167 236
8.9333 240
8.95 243
8.9667 247
8.9833 250
9.0 253
9.0167 257
9.0333 261
9.05 264
9.0667 267
9.0833 271
9.1 274
9.1167 278
9.1333 281
9.15 284
9.1667 288
9.1833 291
9.2 295
9.2167 298
9.2333 301
9.25 305
9.2667 308
9.2833 312
9.3 315
9.3167 318
9.3333 322
9.35 325
9.3667 328
9.3833 332
9.4 335
9.4167 338
9.4333 342
9.45 345
9.4667 348
9.4833 351
9.5 355
9.5167 358
9.5333 361
9.55 364
9.5667 368
9.5833 371
9.6 374
9.6167 377
9.6333 381
9.65 384
9.6667 387
9.6833 390
9.7 393
9.7167 396
9.7333 400
9.75 403
9.7667 406
9.7833 409
9.8 412
9.8167 415
9.8333 418
9.85 421
9.8667 424
9.8833 427
9.9 430
9.9167 433
9.9333 436
9.95 439
9.9667 442
9.9833 445
10.0 448
10.0167 451
10.0333 454
10.05 457
10.0667 460
10.0833 463
10.1 466
10.1167 469
10.1333 472
10.15 474
10.1667 477
10.1833 480
10.2 483
10.2167 486
10.2333 488
10.25 491
10.2667 494
10.2833 497
10.3 499
10.3167 502
10.3333 505
10.35 508
10.3667 510
10.3833 513
10.4 516
10.4167 518
10.4333 521
10.45 523
10.4667 526
10.4833 529
10.5 531
10.5167 534
10.5333 536
10.55 539
10.5667 541
10.5833 544
10.6 546
10.6167 549
10.6333 551
10.65 553
10.6667 556
10.6833 558
10.7 561
10.7167 563
10.7333 565
10.75 568
10.7667 570
10.7833 572
10.8 574
10.8167 577
10.8333 579
10.85 581
10.8667 583
10.8833 586
10.9 588
10.9167 590
10.9333 592
10.95 594
10.9667 596
10.9833 598
11.0 600
11.0167 602
11.0333 605
11.05 607
11.0667 609
11.0833 611
11.1 613
11.1167 614
11.1333 616
11.15 618
11.1667 620
11.1833 622
11.2 624
11.2167 626
11.2333 628
11.25 630
11.2667 631
11.2833 633
11.3 635
11.3167 637
11.3333 638
11.35 640
11.3667 642
11.3833 643
11.4 645
11.4167 647
11.4333 648
11.45 650
11.4667 652
11.4833 653
11.5 655
11.5167 656
11.5333 658
11.55 659
11.5667 661
11.5833 662
11.6 664
11.6167 665
11.6333 666
11.65 668
11.6667 669
11.6833 671
11.7 672
11.7167 673
11.7333 674
11.75 676
11.7667 677
11.7833 678
11.8 679
11.8167 681
11.8333 682
11.85 683
11.8667 684
11.8833 685
11.9 686
11.9167 687
11.9333 689
11.95 690
11.9667 691
11.9833 692
12.0 693
12.0167 694
12.0333 695
12.05 696
12.0667 696
12.0833 697
12.1 698
12.1167 699
12.1333 700
12.15 701
12.1667 702
12.1833 702
12.2 703
12.2167 704
12.2333 705
12.25 705
12.2667 706
12.2833 707
12.3 707
12.3167 708
12.3333 708
12.35 709
12.3667 710
12.3833 710
12.4 711
12.4167 711
12.4333 712
12.45 712
12.4667 713
12.4833 713
12.5 713
12.5167 714
12.5333 714
12.55 715
12.5667 715
12.5833 715
12.6 715
12.6167 716
12.6333 716
12.65 716
12.6667 716
12.6833 717
12.7 717
12.7167 717
12.7333 717
12.75 717
12.7667 717
12.7833 717
12.8 717
12.8167 717
12.8333 717
12.85 717
12.8667 717
12.8833 717
12.9 717
12.9167 717
12.9333 717
12.95 717
12.9667 717
12.9833 717
13.0 717
13.0167 716
13.0333 716
13.05 716
13.0667 716
13.0833 715
13.1 715
13.1167 715
13.1333 714
13.15 714
13.1667 714
13.1833 713
13.2 713
13.2167 712
13.2333 712
13.25 711
13.2667 711
13.2833 710
13.3 710
13.3167 709
13.3333 709
13.35 708
13.3667 708
13.3833 707
13.4 706
13.4167 706
13.4333 705
13.45 704
13.4667 704
13.4833 703
13.5 702
13.5167 701
13.5333 700
13.55 700
13.5667 699
13.5833 698
13.6 697
13.6167 696
13.6333 695
13.65 694
13.6667 693
13.6833 692
13.7 691
13.7167 690
13.7333 689
13.75 688
13.7667 687
13.7833 686
13.8 685
13.8167 684
13.8333 683
13.85 681
13.8667 680
13.8833 679
13.9 678
13.9167 677
13.9333 675
13.95 674
13.9667 673
13.9833 671
14.0 670
14.0167 669
14.0333 667
14.05 666
14.0667 665
14.0833 663
14.1 662
14.1167 660
14.1333 659
14.15 657
14.1667 656
14.1833 654
14.2 653
14.2167 651
14.2333 649
14.25 648
14.2667 646
14.2833 645
14.3 643
14.3167 641
14.3333 639
14.35 638
14.3667 636
14.3833 634
14.4 632
14.4167 631
14.4333 629
14.45 627
14.4667 625
14.4833 623
14.5 621
14.5167 620
14.5333 618
14.55 616
14.5667 614
14.5833 612
14.6 610
14.6167 608
14.6333 606
14.65 604
14.6667 602
14.6833 600
14.7 598
14.7167 595
14.7333 593
14.75 591
14.7667 589
14.7833 587
14.8 585
14.8167 583
14.8333 580
14.85 578
14.8667 576
14.8833 574
14.9 571
14.9167 569
14.9333 567
14.95 564
14.9667 562
14.9833 560
15.0 558
15.0167 556
15.0333 553
15.05 551
15.0667 548
15.0833 546
15.1 544
15.1167 541
15.1333 539
15.15 536
15.1667 534
15.1833 531
15.2 528
15.2167 526
15.2333 523
15.25 521
15.2667 518
15.2833 515
15.3 513
15.3167 510
15.3333 507
15.35 505
15.3667 502
15.3833 499
15.4 497
15.4167 494
15.4333 491
15.45 488
15.4667 486
15.4833 483
15.5 480
15.5167 477
15.5333 474
15.55 471
15.5667 469
15.5833 466
15.6 463
15.6167 460
15.6333 457
15.65 454
15.6667 451
15.6833 448
15.7 445
15.7167 442
15.7333 439
15.75 436
15.7667 433
15.7833 430
15.8 427
15.8167 424
15.8333 421
15.85 418
15.8667 415
15.8833 412
15.9 409
15.9167 406
15.9333 402
15.95 399
15.9667 396
15.9833 393
16.0 390
16.0167 387
16.0333 384
16.05 380
16.0667 377
16.0833 374
16.1 371
16.1167 367
16.1333 364
16.15 361
16.1667 358
16.1833 354
16.2 351
16.2167 348
16.2333 345
16.25 341
16.2667 338
16.2833 335
16.3 331
16.3167 328
16.3333 325
16.35 321
16.3667 318
16.3833 315
16.4 311
16.4167 308
16.4333 304
16.45 301
16.4667 298
16.4833 294
16.5 291
16.5167 288
16.5333 284
16.55 281
16.5667 277
16.5833 274
16.6 270
16.6167 267
16.6333 264
16.65 260
16.6667 257
16.6833 253
16.7 250
16.7167 246
16.7333 243
16.75 239
16.7667 236
16.7833 233
16.8 229
16.8167 226
16.8333 222
16.85 219
16.8667 215
16.8833 212
16.9 208
16.9167 205
16.9333 202
16.95 198
16.9667 195
16.9833 191
