8.0 39
8.0167 41
8.0333 42
8.05 44
8.0667 46
8.0833 47
8.1 49
8.1167 51
8.1333 53
8.15 55
8.1667 56
8.1833 58
8.2 60
8.2167 62
8.2333 64
8.25 66
8.2667 68
8.2833 70
8.3 72
8.3167 74
8.3333 76
8.35 79
8.3667 81
8.3833 83
8.4 85
8.4167 88
8.4333 90
8.45 92
8.4667 94
8.4833 97
8.5 99
8.5167 101
8.5333 104
8.55 106
8.5667 108
8.5833 111
8.6 113
8.6167 116
8.6333 118
8.65 121
8.6667 123
8.6833 125
8.7 128
8.7167 130
8.7333 133
8.75 136
8.7667 138
8.7833 141
8.8 143
8.8167 146
8.8333 148
8.85 151
8.8667 153
8.8833 156
8.9 159
8.9167 161
8.9333 164
8.95 167
8.9667 169
8.9833 172
9.0 174
9.0167 177
9.0333 180
9.05 183
9.0667 185
9.0833 188
9.1 191
9.1167 193
9.1333 196
9.15 199
9.1667 201
9.1833 204
9.2 207
9.2167 209
9.2333 212
9.25 215
9.2667 218
9.2833 220
9.3 223
9.3167 226
9.3333 228
9.35 231
9.3667 234
9.3833 237
9.4 239
9.4167 242
9.4333 245
9.45 247
9.4667 250
9.4833 253
9.5 255
9.5167 258
9.5333 261
9.55 264
9.5667 266
9.5833 269
9.6 272
9.6167 274
9.6333 277
9.65 280
9.6667 282
9.6833 285
9.7 288
9.7167 290
9.7333 293
9.75 296
9.7667 298
9.7833 301
9.8 304
9.8167 306
9.8333 309
9.85 311
9.8667 314
9.8833 317
9.9 319
9.9167 322
9.9333 324
9.95 327
9.9667 329
9.9833 332
10.0 335
10.0167 337
10.0333 340
10.05 342
10.0667 345
10.0833 347
10.1 350
10.1167 352
10.1333 355
10.15 357
10.1667 360
10.1833 362
10.2 364
10.2167 367
10.2333 369
10.25 372
10.2667 374
10.2833 377
10.3 379
10.3167 381
10.3333 384
10.35 386
10.3667 388
10.3833 391
10.4 393
10.4167 395
10.4333 398
10.45 400
10.4667 402
10.4833 404
10.5 407
10.5167 409
10.5333 411
10.55 413
10.5667 416
10.5833 418
10.6 420
10.6167 422
10.6333 424
10.65 426
10.6667 429
10.6833 431
10.7 433
10.7167 435
10.7333 437
10.75 439
10.7667 441
10.7833 443
10.8 445
10.8167 447
10.8333 449
10.85 451
10.8667 453
10.8833 455
10.9 457
10.9167 459
10.9333 461
10.95 463
10.9667 465
10.9833 466
11.0 468
11.0167 470
11.0333 472
11.05 474
11.0667 476
11.0833 477
11.1 479
11.1167 481
11.1333 483
11.15 484
11.1667 486
11.1833 488
11.2 490
11.2167 491
11.2333 493
11.25 494
11.2667 496
11.2833 498
11.3 499
11.3167 501
11.3333 502
11.35 504
11.3667 506
11.3833 507
11.4 509
11.4167 510
11.4333 511
11.45 513
11.4667 514
11.4833 516
11.5 517
11.5167 519
11.5333 520
11.55 521
11.5667 523
11.5833 524
11.6 525
11.6167 526
11.6333 528
11.65 529
11.6667 530
11.6833 531
11.7 533
11.7167 534
11.7333 535
11.75 536
11.7667 537
11.7833 538
11.8 540
11.8167 541
11.8333 542
11.85 543
11.8667 544
11.8833 545
11.9 546
11.9167 547
11.9333 548
11.95 549
11.9667 550
11.9833 550
12.0 551
12.0167 552
12.0333 553
12.05 554
12.0667 555
12.0833 556
12.1 556
12.1167 557
12.1333 558
12.15 559
12.1667 559
12.1833 560
12.2 561
12.2167 561
12.2333 562
12.25 563
12.2667 563
12.2833 564
12.3 564
12.3167 565
12.3333 565
12.35 566
12.3667 567
12.3833 567
12.4 567
12.4167 568
12.4333 568
12.45 569
12.4667 569
12.4833 570
12.5 570
12.5167 570
12.5333 571
12.55 571
12.5667 571
12.5833 571
12.6 572
12.6167 572
12.6333 572
12.65 572
12.6667 572
12.6833 573
12.7 573
12.7167 573
12.7333 573
12.75 573
12.7667 573
12.7833 573
12.8 573
12.8167 573
12.8333 573
12.85 573
12.8667 573
12.8833 573
12.9 573
12.9167 573
12.9333 573
12.95 573
12.9667 573
12.9833 572
13.0 572
13.0167 572
13.0333 572
13.05 572
13.0667 571
13.0833 571
13.1 571
13.1167 570
13.1333 570
13.15 570
13.1667 569
13.1833 569
13.2 569
13.2167 568
13.2333 568
13.25 567
13.2667 567
13.2833 566
13.3 566
13.3167 565
13.3333 565
13.35 564
13.3667 563
13.3833 563
13.4 562
13.4167 562
13.4333 561
13.45 560
13.4667 560
13.4833 559
13.5 558
13.5167 557
13.5333 557
13.55 556
13.5667 555
13.5833 554
13.6 553
13.6167 553
13.6333 552
13.65 551
13.6667 550
13.6833 549
13.7 548
13.7167 547
13.7333 546
13.75 545
13.7667 544
13.7833 543
13.8 542
13.8167 541
13.8333 540
13.85 539
13.8667 538
13.8833 537
13.9 535
13.9167 534
13.9333 533
13.95 532
13.9667 531
13.9833 530
14.0 528
14.0167 527
14.0333 526
14.05 524
14.0667 523
14.0833 522
14.1 520
14.1167 519
14.1333 518
14.15 516
14.1667 515
14.1833 514
14.2 512
14.2167 511
14.2333 509
14.25 508
14.2667 506
14.2833 505
14.3 503
14.3167 502
14.3333 500
14.35 498
14.3667 497
14.3833 495
14.4 494
14.4167 492
14.4333 490
14.45 489
14.4667 487
14.4833 485
14.5 483
14.5167 482
14.5333 480
14.55 478
14.5667 476
14.5833 475
14.6 473
14.6167 471
14.6333 469
14.65 467
14.6667 465
14.6833 464
14.7 462
14.7167 460
14.7333 458
14.75 456
14.7667 454
14.7833 452
14.8 450
14.8167 448
14.8333 446
14.85 444
14.8667 442
14.8833 440
14.9 438
14.9167 436
14.9333 434
14.95 432
14.9667 429
14.9833 427
15.0 426
15.0167 424
15.0333 422
15.05 419
15.0667 417
15.0833 415
15.1 413
15.1167 411
15.1333 408
15.15 406
15.1667 404
15.1833 402
15.2 399
15.2167 397
15.2333 395
15.25 392
15.2667 390
15.2833 388
15.3 385
15.3167 383
15.3333 381
15.35 378
15.3667 376
15.3833 373
15.4 371
15.4167 369
15.4333 366
15.45 364
15.4667 361
15.4833 359
15.5 356
15.5167 354
15.5333 351
15.55 349
15.5667 346
15.5833 344
15.6 341
15.6167 339
15.6333 336
15.65 334
15.6667 331
15.6833 329
15.7 326
15.7167 324
15.7333 321
15.75 318
15.7667 316
15.7833 313
15.8 311
15.8167 308
15.8333 305
15.85 303
15.8667 300
15.8833 297
15.9 295
15.9167 292
15.9333 289
15.95 287
15.9667 284
15.9833 281
16.0 279
16.0167 276
16.0333 273
16.05 271
16.0667 268
16.0833 265
16.1 263
16.1167 260
16.1333 257
16.15 255
16.1667 252
16.1833 249
16.2 246
16.2167 244
16.2333 241
16.25 238
16.2667 236
16.2833 233
16.3 230
16.3167 228
16.3333 225
16.35 222
16.3667 219
16.3833 217
16.4 214
16.4167 211
16.4333 209
16.45 206
16.4667 203
16.4833 200
16.5 198
16.5167 195
16.5333 192
16.55 190
16.5667 187
16.5833 184
16.6 182
16.6167 179
16.6333 176
16.65 174
16.6667 171
16.6833 168
16.7 166
16.7167 163
16.7333 160
16.75 158
16.7667 155
16.7833 153
16.8 150
16.8167 147
16.8333 145
16.85 142
16.8667 140
16.8833 137
16.9 135
16.9167 132
16.9333 130
16.95 127
16.9667 125
16.9833 122
