8.0 56
8.0167 58
8.0333 61
8.05 63
8.0667 66
8.0833 69
8.1 71
8.1167 74
8.1333 77
8.15 80
8.1667 82
8.1833 85
8.2 88
8.2167 91
8.2333 94
8.25 97
8.2667 100
8.2833 103
8.3 106
8.3167 109
8.3333 112
8.35 115
8.3667 118
8.3833 121
8.4 124
8.4167 127
8.4333 131
8.45 134
8.4667 137
8.4833 140
8.5 143
8.5167 147
8.5333 150
8.55 153
8.5667 157
8.5833 160
8.6 163
8.6167 166
8.6333 170
8.65 173
8.6667 176
8.6833 180
8.7 183
8.7167 186
8.7333 190
8.75 193
8.7667 196
8.7833 200
8.8 203
8.8167 206
8.8333 210
8.85 213
8.8667 216
8.8833 220
8.9 223
8.9167 226
8.9333 230
8.95 233
8.9667 236
8.9833 240
9.0 243
9.0167 246
9.0333 250
9.05 253
9.0667 256
9.0833 260
9.1 263
9.1167 266
9.1333 270
9.15 273
9.1667 276
9.1833 280
9.2 283
9.2167 286
9.2333 290
9.25 293
9.2667 296
9.2833 300
9.3 303
9.3167 306
9.3333 309
9.35 313
9.3667 316
9.3833 319
9.4 322
9.4167 326
9.4333 329
9.45 332
9.4667 335
9.4833 338
9.5 342
9.5167 345
9.5333 348
9.55 351
9.5667 354
9.5833 358
9.6 361
9.6167 364
9.6333 367
9.65 370
9.6667 373
9.6833 376
9.7 379
9.7167 382
9.7333 386
9.75 389
9.7667 392
9.7833 395
9.8 398
9.8167 401
9.8333 404
9.85 407
9.8667 410
9.8833 413
9.9 416
9.9167 419
9.9333 422
9.95 424
9.9667 427
9.9833 430
10.0 433
10.0167 436
10.0333 439
10.05 442
10.0667 445
10.0833 447
10.1 450
10.1167 453
10.1333 456
10.15 459
10.1667 461
10.1833 464
10.2 467
10.2167 470
10.2333 472
10.25 475
10.2667 478
10.2833 481
10.3 483
10.3167 486
10.3333 488
10.35 491
10.3667 494
10.3833 496
10.4 499
10.4167 501
10.4333 504
10.45 507
10.4667 509
10.4833 512
10.5 514
10.5167 517
10.5333 519
10.55 521
10.5667 524
10.5833 526
10.6 529
10.6167 531
10.6333 533
10.65 536
10.6667 538
10.6833 540
10.7 543
10.7167 545
10.7333 547
10.75 550
10.7667 552
10.7833 554
10.8 556
10.8167 559
10.8333 561
10.85 563
10.8667 565
10.8833 567
10.9 569
10.9167 571
10.9333 574
10.95 576
10.9667 578
10.9833 580
11.0 582
11.0167 584
11.0333 586
11.05 588
11.0667 590
11.0833 592
11.1 593
11.1167 595
11.1333 597
11.15 599
11.1667 601
11.1833 603
11.2 605
11.2167 606
11.2333 608
11.25 610
11.2667 612
11.2833 613
11.3 615
11.3167 617
11.3333 619
11.35 620
11.3667 622
11.3833 624
11.4 625
11.4167 627
11.4333 628
11.45 630
11.4667 631
11.4833 633
11.5 634
11.5167 636
11.5333 637
11.55 639
11.5667 640
11.5833 642
11.6 643
11.6167 644
11.6333 646
11.65 647
11.6667 648
11.6833 650
11.7 651
11.7167 652
11.7333 654
11.75 655
11.7667 656
11.7833 657
11.8 658
11.8167 659
11.8333 661
11.85 662
11.8667 663
11.8833 664
11.9 665
11.9167 666
11.9333 667
11.95 668
11.9667 669
11.9833 670
12.0 671
12.0167 672
12.0333 673
12.05 674
12.0667 675
12.0833 675
12.1 676
12.1167 677
12.1333 678
12.15 679
12.1667 679
12.1833 680
12.2 681
12.2167 681
12.2333 682
12.25 683
12.2667 683
12.2833 684
12.3 685
12.3167 685
12.3333 686
12.35 686
12.3667 687
12.3833 687
12.4 688
12.4167 688
12.4333 689
12.45 689
12.4667 690
12.4833 690
12.5 690
12.5167 691
12.5333 691
12.55 691
12.5667 692
12.5833 692
12.6 692
12.6167 692
12.6333 693
12.65 693
12.6667 693
12.6833 693
12.7 693
12.7167 693
12.7333 694
12.75 694
12.7667 694
12.7833 694
12.8 694
12.8167 694
12.8333 694
12.85 694
12.8667 694
12.8833 694
12.9 693
12.9167 693
12.9333 693
12.95 693
12.9667 693
12.9833 693
13.0 692
13.0167 692
13.0333 692
13.05 692
13.0667 691
13.0833 691
13.1 691
13.1167 690
13.1333 690
13.15 690
13.1667 689
13.1833 689
13.2 688
13.2167 688
13.2333 687
13.25 687
13.2667 686
13.2833 686
13.3 685
13.3167 685
13.3333 684
13.35 683
13.3667 683
13.3833 682
13.4 681
13.4167 681
13.4333 680
13.45 679
13.4667 678
13.4833 678
13.5 677
13.5167 676
13.5333 675
13.55 674
13.5667 674
13.5833 673
13.6 672
13.6167 671
13.6333 670
13.65 669
13.6667 668
13.6833 667
13.7 666
13.7167 665
13.7333 664
13.75 663
13.7667 662
13.7833 660
13.8 659
13.8167 658
13.8333 657
13.85 656
13.8667 655
13.8833 653
13.9 652
13.9167 651
13.9333 650
13.95 648
13.9667 647
13.9833 646
14.0 644
14.0167 643
14.0333 641
14.05 640
14.0667 639
14.0833 637
14.1 636
14.1167 634
14.1333 633
14.15 631
14.1667 630
14.1833 628
14.2 626
14.2167 625
14.2333 623
14.25 622
14.2667 620
14.2833 618
14.3 617
14.3167 615
14.3333 613
14.35 611
14.3667 610
14.3833 608
14.4 606
14.4167 604
14.4333 603
14.45 601
14.4667 599
14.4833 597
14.5 595
14.5167 593
14.5333 591
14.55 589
14.5667 587
14.5833 585
14.6 583
14.6167 581
14.6333 579
14.65 577
14.6667 575
14.6833 573
14.7 571
14.7167 569
14.7333 567
14.75 565
14.7667 563
14.7833 560
14.8 558
14.8167 556
14.8333 554
14.85 552
14.8667 549
14.8833 547
14.9 545
14.9167 542
14.9333 540
14.95 538
14.9667 535
14.9833 533
15.0 531
15.0167 529
15.0333 527
15.05 524
15.0667 522
15.0833 519
15.1 517
15.1167 514
15.1333 512
15.15 509
15.1667 507
15.1833 504
15.2 502
15.2167 499
15.2333 497
15.25 494
15.2667 491
15.2833 489
15.3 486
15.3167 484
15.3333 481
15.35 478
15.3667 475
15.3833 473
15.4 470
15.4167 467
15.4333 465
15.45 462
15.4667 459
15.4833 456
15.5 453
15.5167 451
15.5333 448
15.55 445
15.5667 442
15.5833 439
15.6 436
15.6167 434
15.6333 431
15.65 428
15.6667 425
15.6833 422
15.7 419
15.7167 416
15.7333 413
15.75 410
15.7667 407
15.7833 404
15.8 401
15.8167 398
15.8333 395
15.85 392
15.8667 389
15.8833 386
15.9 383
15.9167 380
15.9333 377
15.95 373
15.9667 370
15.9833 367
16.0 364
16.0167 361
16.0333 358
16.05 355
16.0667 352
16.0833 348
16.1 345
16.1167 342
16.1333 339
16.15 336
16.1667 332
16.1833 329
16.2 326
16.2167 323
16.2333 319
16.25 316
16.2667 313
16.2833 310
16.3 306
16.3167 303
16.3333 300
16.35 297
16.3667 293
16.3833 290
16.4 287
16.4167 283
16.4333 280
16.45 277
16.4667 273
16.4833 270
16.5 267
16.5167 263
16.5333 260
16.55 257
16.5667 253
16.5833 250
16.6 247
16.6167 243
16.6333 240
16.65 237
16.6667 233
16.6833 230
16.7 227
16.7167 223
16.7333 220
16.75 217
16.7667 213
16.7833 210
16.8 206
16.8167 203
16.8333 200
16.85 196
16.8667 193
16.8833 190
16.9 186
16.9167 183
16.9333 180
16.95 176
16.9667 173
16.9833 170
