8.0 49
8.0167 52
8.0333 54
8.05 56
8.0667 58
8.0833 61
8.1 63
8.1167 66
8.1333 68
8.15 71
8.1667 73
8.1833 76
8.2 78
8.2167 81
8.2333 84
8.25 86
8.2667 89
8.2833 92
8.3 94
8.3167 97
8.3333 100
8.35 103
8.3667 106
8.3833 108
8.4 111
8.4167 114
8.4333 117
8.45 120
8.4667 123
8.4833 126
8.5 129
8.5167 132
8.5333 135
8.55 138
8.5667 141
8.5833 144
8.6 147
8.6167 150
8.6333 153
8.65 156
8.6667 159
8.6833 162
8.7 166
8.7167 169
8.7333 172
8.75 175
8.7667 178
8.7833 181
8.8 184
8.8167 188
8.8333 191
8.85 194
8.8667 197
8.8833 200
8.9 203
8.9167 207
8.9333 210
8.95 213
8.9667 216
8.9833 219
9.0 222
9.0167 226
9.0333 229
9.05 232
9.0667 235
9.0833 238
9.1 242
9.1167 245
9.1333 248
9.15 251
9.1667 254
9.1833 258
9.2 261
9.2167 264
9.2333 267
9.25 270
9.2667 273
9.2833 277
9.3 280
9.3167 283
9.3333 286
9.35 289
9.3667 292
9.3833 295
9.4 299
9.4167 302
9.4333 305
9.45 308
9.4667 311
9.4833 314
9.5 317
9.5167 320
9.5333 323
9.55 326
9.5667 330
9.5833 333
9.6 336
9.6167 339
9.6333 342
9.65 345
9.6667 348
9.6833 351
9.7 354
9.7167 357
9.7333 360
9.75 363
9.7667 366
9.7833 369
9.8 372
9.8167 375
9.8333 378
9.85 380
9.8667 383
9.8833 386
9.9 389
9.9167 392
9.9333 395
9.95 398
9.9667 401
9.9833 403
10.0 406
10.0167 409
10.0333 412
10.05 415
10.0667 418
10.0833 420
10.1 423
10.1167 426
10.1333 429
10.15 431
10.1667 434
10.1833 437
10.2 439
10.2167 442
10.2333 445
10.25 447
10.2667 450
10.2833 453
10.3 455
10.3167 458
10.3333 460
10.35 463
10.3667 466
10.3833 468
10.4 471
10.4167 473
10.4333 476
10.45 478
10.4667 481
10.4833 483
10.5 486
10.5167 488
10.5333 490
10.55 493
10.5667 495
10.5833 498
10.6 500
10.6167 502
10.6333 505
10.65 507
10.6667 509
10.6833 512
10.7 514
10.7167 516
10.7333 518
10.75 521
10.7667 523
10.7833 525
10.8 527
10.8167 529
10.8333 532
10.85 534
10.8667 536
10.8833 538
10.9 540
10.9167 542
10.9333 544
10.95 546
10.9667 548
10.9833 550
11.0 552
11.0167 554
11.0333 556
11.05 558
11.0667 560
11.0833 562
11.1 564
11.1167 566
11.1333 568
11.15 570
11.1667 571
11.1833 573
11.2 575
11.2167 577
11.2333 579
11.25 580
11.2667 582
11.2833 584
11.3 585
11.3167 587
11.3333 589
11.35 590
11.3667 592
11.3833 594
11.4 595
11.4167 597
11.4333 598
11.45 600
11.4667 601
11.4833 603
11.5 604
11.5167 606
11.5333 607
11.55 609
11.5667 610
11.5833 612
11.6 613
11.6167 614
11.6333 616
11.65 617
11.6667 618
11.6833 620
11.7 621
11.7167 622
11.7333 623
11.75 625
11.7667 626
11.7833 627
11.8 628
11.8167 629
11.8333 630
11.85 632
11.8667 633
11.8833 634
11.9 635
11.9167 636
11.9333 637
11.95 638
11.9667 639
11.9833 640
12.0 641
12.0167 642
12.0333 643
12.05 643
12.0667 644
12.0833 645
12.1 646
12.1167 647
12.1333 648
12.15 648
12.1667 649
12.1833 650
12.2 651
12.2167 651
12.2333 652
12.25 653
12.2667 653
12.2833 654
12.3 654
12.3167 655
12.3333 656
12.35 656
12.3667 657
12.3833 657
12.4 658
12.4167 658
12.4333 659
12.45 659
12.4667 659
12.4833 660
12.5 660
12.5167 660
12.5333 661
12.55 661
12.5667 661
12.5833 662
12.6 662
12.6167 662
12.6333 662
12.65 663
12.6667 663
12.6833 663
12.7 663
12.7167 663
12.7333 663
12.75 663
12.7667 663
12.7833 664
12.8 664
12.8167 664
12.8333 664
12.85 664
12.8667 663
12.8833 663
12.9 663
12.9167 663
12.9333 663
12.95 663
12.9667 663
12.9833 663
13.0 662
13.0167 662
13.0333 662
13.05 662
13.0667 661
13.0833 661
13.1 661
13.1167 660
13.1333 660
13.15 660
13.1667 659
13.1833 659
13.2 658
13.2167 658
13.2333 657
13.25 657
13.2667 656
13.2833 656
13.3 655
13.3167 655
13.3333 654
13.35 654
13.3667 653
13.3833 652
13.4 652
13.4167 651
13.4333 650
13.45 650
13.4667 649
13.4833 648
13.5 647
13.5167 646
13.5333 646
13.55 645
13.5667 644
13.5833 643
13.6 642
13.6167 641
13.6333 640
13.65 639
13.6667 638
13.6833 637
13.7 636
13.7167 635
13.7333 634
13.75 633
13.7667 632
13.7833 631
13.8 630
13.8167 629
13.8333 628
13.85 627
13.8667 625
13.8833 624
13.9 623
13.9167 622
13.9333 620
13.95 619
13.9667 618
13.9833 617
14.0 615
14.0167 614
14.0333 612
14.05 611
14.0667 610
14.0833 608
14.1 607
14.1167 605
14.1333 604
14.15 602
14.1667 601
14.1833 599
14.2 598
14.2167 596
14.2333 595
14.25 593
14.2667 591
14.2833 590
14.3 588
14.3167 586
14.3333 585
14.35 583
14.3667 581
14.3833 580
14.4 578
14.4167 576
14.4333 574
14.45 573
14.4667 571
14.4833 569
14.5 567
14.5167 565
14.5333 563
14.55 561
14.5667 559
14.5833 557
14.6 556
14.6167 554
14.6333 552
14.65 550
14.6667 548
14.6833 546
14.7 543
14.7167 541
14.7333 539
14.75 537
14.7667 535
14.7833 533
14.8 531
14.8167 529
14.8333 526
14.85 524
14.8667 522
14.8833 520
14.9 518
14.9167 515
14.9333 513
14.95 511
14.9667 508
14.9833 506
15.0 505
15.0167 502
15.0333 500
15.05 498
15.0667 495
15.0833 493
15.1 490
15.1167 488
15.1333 486
15.15 483
15.1667 481
15.1833 478
15.2 476
15.2167 473
15.2333 471
15.25 468
15.2667 465
15.2833 463
15.3 460
15.3167 458
15.3333 455
15.35 452
15.3667 450
15.3833 447
15.4 445
15.4167 442
15.4333 439
15.45 437
15.4667 434
15.4833 431
15.5 428
15.5167 426
15.5333 423
15.55 420
15.5667 417
15.5833 415
15.6 412
15.6167 409
15.6333 406
15.65 403
15.6667 400
15.6833 398
15.7 395
15.7167 392
15.7333 389
15.75 386
15.7667 383
15.7833 380
15.8 377
15.8167 374
15.8333 371
15.85 368
15.8667 365
15.8833 363
15.9 360
15.9167 357
15.9333 354
15.95 351
15.9667 348
15.9833 344
16.0 341
16.0167 338
16.0333 335
16.05 332
16.0667 329
16.0833 326
16.1 323
16.1167 320
16.1333 317
16.15 314
16.1667 311
16.1833 308
16.2 304
16.2167 301
16.2333 298
16.25 295
16.2667 292
16.2833 289
16.3 286
16.3167 283
16.3333 279
16.35 276
16.3667 273
16.3833 270
16.4 267
16.4167 264
16.4333 260
16.45 257
16.4667 254
16.4833 251
16.5 248
16.5167 244
16.5333 241
16.55 238
16.5667 235
16.5833 232
16.6 229
16.6167 225
16.6333 222
16.65 219
16.6667 216
16.6833 213
16.7 209
16.7167 206
16.7333 203
16.75 200
16.7667 197
16.7833 194
16.8 190
16.8167 187
16.8333 184
16.85 181
16.8667 178
16.8833 175
16.9 171
16.9167 168
16.9333 165
16.95 162
16.9667 159
16.9833 156
