8.0 265
8.0167 269
8.0333 273
8.05 277
8.0667 281
8.0833 284
8.1 288
8.1167 292
8.1333 296
8.15 300
8.1667 303
8.1833 307
8.2 311
8.2167 315
8.2333 319
8.25 323
8.2667 326
8.2833 330
8.3 334
8.3167 338
8.3333 342
8.35 345
8.3667 349
8.3833 353
8.4 357
8.4167 361
8.4333 365
8.45 368
8.4667 372
8.4833 376
8.5 380
8.5167 384
8.5333 387
8.55 391
8.5667 395
8.5833 399
8.6 402
8.6167 406
8.6333 410
8.65 414
8.6667 417
8.6833 421
8.7 425
8.7167 429
8.7333 432
8.75 436
8.7667 440
8.7833 443
8.8 447
8.8167 451
8.8333 455
8.85 458
8.8667 462
8.8833 466
8.9 469
8.9167 473
8.9333 476
8.95 480
8.9667 484
8.9833 487
9.0 491
9.0167 494
9.0333 498
9.05 501
9.0667 505
9.0833 508
9.1 512
9.1167 515
9.1333 519
9.15 523
9.1667 526
9.1833 530
9.2 533
9.2167 536
9.2333 540
9.25 543
9.2667 547
9.2833 550
9.3 554
9.3167 557
9.3333 561
9.35 564
9.3667 567
9.3833 571
9.4 574
9.4167 577
9.4333 581
9.45 584
9.4667 587
9.4833 591
9.5 594
9.5167 597
9.5333 601
9.55 604
9.5667 607
9.5833 610
9.6 613
9.6167 617
9.6333 620
9.65 623
9.6667 626
9.6833 629
9.7 632
9.7167 636
9.7333 639
9.75 642
9.7667 645
9.7833 648
9.8 651
9.8167 654
9.8333 657
9.85 660
9.8667 663
9.8833 666
9.9 669
9.9167 672
9.9333 675
9.95 678
9.9667 681
9.9833 684
10.0 687
10.0167 690
10.0333 692
10.05 695
10.0667 698
10.0833 701
10.1 704
10.1167 706
10.1333 709
10.15 712
10.1667 715
10.1833 717
10.2 720
10.2167 723
10.2333 726
10.25 728
10.2667 731
10.2833 733
10.3 736
10.3167 739
10.3333 741
10.35 744
10.3667 746
10.3833 749
10.4 751
10.4167 754
10.4333 756
10.45 759
10.4667 761
10.4833 764
10.5 766
10.5167 769
10.5333 771
10.55 773
10.5667 776
10.5833 778
10.6 780
10.6167 783
10.6333 785
10.65 787
10.6667 789
10.6833 792
10.7 794
10.7167 796
10.7333 798
10.75 800
10.7667 803
10.7833 805
10.8 807
10.8167 809
10.8333 811
10.85 813
10.8667 815
10.8833 817
10.9 819
10.9167 821
10.9333 823
10.95 825
10.9667 827
10.9833 829
11.0 831
11.0167 833
11.0333 835
11.05 836
11.0667 838
11.0833 840
11.1 842
11.1167 844
11.1333 845
11.15 847
11.1667 849
11.1833 850
11.2 852
11.2167 854
11.2333 855
11.25 857
11.2667 859
11.2833 860
11.3 862
11.3167 863
11.3333 865
11.35 866
11.3667 868
11.3833 869
11.4 871
11.4167 872
11.4333 874
11.45 875
11.4667 876
11.4833 878
11.5 879
11.5167 880
11.5333 882
11.55 883
11.5667 884
11.5833 885
11.6 887
11.6167 888
11.6333 889
11.65 890
11.6667 891
11.6833 892
11.7 893
11.7167 895
11.7333 896
11.75 897
11.7667 898
11.7833 899
11.8 900
11.8167 901
11.8333 902
11.85 902
11.8667 903
11.8833 904
11.9 905
11.9167 906
11.9333 907
11.95 908
11.9667 908
11.9833 909
12.0 910
12.0167 911
12.0333 911
12.05 912
12.0667 913
12.0833 913
12.1 914
12.1167 914
12.1333 915
12.15 916
12.1667 916
12.1833 917
12.2 917
12.2167 918
12.2333 918
12.25 919
12.2667 919
12.2833 919
12.3 920
12.3167 920
12.3333 920
12.35 921
12.3667 921
12.3833 921
12.4 922
12.4167 922
12.4333 922
12.45 922
12.4667 922
12.4833 923
12.5 923
12.5167 923
12.5333 923
12.55 923
12.5667 923
12.5833 923
12.6 923
12.6167 923
12.6333 923
12.65 923
12.6667 923
12.6833 923
12.7 923
12.7167 923
12.7333 922
12.75 922
12.7667 922
12.7833 922
12.8 922
12.8167 921
12.8333 921
12.85 921
12.8667 920
12.8833 920
12.9 920
12.9167 919
12.9333 919
12.95 919
12.9667 918
12.9833 918
13.0 917
13.0167 917
13.0333 916
13.05 916
13.0667 915
13.0833 915
13.1 914
13.1167 913
13.1333 913
13.15 912
13.1667 911
13.1833 911
13.2 910
13.2167 909
13.2333 908
13.25 908
13.2667 907
13.2833 906
13.3 905
13.3167 904
13.3333 903
13.35 903
13.3667 902
13.3833 901
13.4 900
13.4167 899
13.4333 898
13.45 897
13.4667 896
13.4833 895
13.5 894
13.5167 892
13.5333 891
13.55 890
13.5667 889
13.5833 888
13.6 887
13.6167 885
13.6333 884
13.65 883
13.6667 882
13.6833 880
13.7 879
13.7167 878
13.7333 876
13.75 875
13.7667 874
13.7833 872
13.8 871
13.8167 869
13.8333 868
13.85 866
13.8667 865
13.8833 863
13.9 862
13.9167 860
13.9333 859
13.95 857
13.9667 856
13.9833 854
14.0 852
14.0167 851
14.0333 849
14.05 847
14.0667 845
14.0833 844
14.1 842
14.1167 840
14.1333 838
14.15 837
14.1667 835
14.1833 833
14.2 831
14.2167 829
14.2333 827
14.25 825
14.2667 823
14.2833 821
14.3 819
14.3167 817
14.3333 815
14.35 813
14.3667 811
14.3833 809
14.4 807
14.4167 805
14.4333 803
14.45 801
14.4667 798
14.4833 796
14.5 794
14.5167 792
14.5333 790
14.55 787
14.5667 785
14.5833 783
14.6 781
14.6167 778
14.6333 776
14.65 774
14.6667 771
14.6833 769
14.7 766
14.7167 764
14.7333 762
14.75 759
14.7667 757
14.7833 754
14.8 752
14.8167 749
14.8333 747
14.85 744
14.8667 742
14.8833 739
14.9 736
14.9167 734
14.9333 731
14.95 728
14.9667 726
14.9833 723
15.0 719
15.0167 717
15.0333 714
15.05 711
15.0667 709
15.0833 706
15.1 703
15.1167 700
15.1333 697
15.15 695
15.1667 692
15.1833 689
15.2 686
15.2167 683
15.2333 680
15.25 677
15.2667 674
15.2833 671
15.3 668
15.3167 665
15.3333 662
15.35 659
15.3667 656
15.3833 653
15.4 650
15.4167 647
15.4333 644
15.45 641
15.4667 638
15.4833 635
15.5 632
15.5167 629
15.5333 626
15.55 622
15.5667 619
15.5833 616
15.6 613
15.6167 610
15.6333 606
15.65 603
15.6667 600
15.6833 597
15.7 593
15.7167 590
15.7333 587
15.75 583
15.7667 580
15.7833 577
15.8 573
15.8167 570
15.8333 567
15.85 563
15.8667 560
15.8833 556
15.9 553
15.9167 550
15.9333 546
15.95 543
15.9667 539
15.9833 536
16.0 532
16.0167 529
16.0333 525
16.05 522
16.0667 518
16.0833 515
16.1 511
16.1167 508
16.1333 504
16.15 501
16.1667 497
16.1833 493
16.2 490
16.2167 486
16.2333 483
16.25 479
16.2667 475
16.2833 472
16.3 468
16.3167 464
16.3333 461
16.35 457
16.3667 453
16.3833 450
16.4 446
16.4167 442
16.4333 439
16.45 435
16.4667 431
16.4833 428
16.5 424
16.5167 420
16.5333 416
16.55 413
16.5667 409
16.5833 405
16.6 401
16.6167 398
16.6333 394
16.65 390
16.6667 386
16.6833 382
16.7 379
16.7167 375
16.7333 371
16.75 367
16.7667 363
16.7833 360
16.8 356
16.8167 352
16.8333 348
16.85 344
16.8667 341
16.8833 337
16.9 333
16.9167 329
16.9333 325
16.95 322
16.9667 318
16.9833 314
