8.0 251
8.0167 255
8.0333 259
8.05 263
8.0667 267
8.0833 270
8.1 274
8.1167 278
8.1333 282
8.15 286
8.1667 290
8.1833 294
8.2 298
8.2167 301
8.2333 305
8.25 309
8.2667 313
8.2833 317
8.3 321
8.3167 325
8.3333 328
8.35 332
8.3667 336
8.3833 340
8.4 344
8.4167 348
8.4333 351
8.45 355
8.4667 359
8.4833 363
8.5 367
8.5167 371
8.5333 374
8.55 378
8.5667 382
8.5833 386
8.6 390
8.6167 393
8.6333 397
8.65 401
8.6667 405
8.6833 408
8.7 412
8.7167 416
8.7333 420
8.75 423
8.7667 427
8.7833 431
8.8 434
8.8167 438
8.8333 442
8.85 445
8.8667 449
8.8833 453
8.9 456
8.9167 460
8.9333 464
8.95 467
8.9667 471
8.9833 474
9.0 478
9.0167 481
9.0333 485
9.05 488
9.0667 492
9.0833 495
9.1 499
9.1167 502
9.1333 506
9.15 509
9.1667 513
9.1833 516
9.2 520
9.2167 523
9.2333 527
9.25 530
9.2667 533
9.2833 537
9.3 540
9.3167 544
9.3333 547
9.35 550
9.3667 554
9.3833 557
9.4 560
9.4167 564
9.4333 567
9.45 570
9.4667 574
9.4833 577
9.5 580
9.5167 583
9.5333 586
9.55 590
9.5667 593
9.5833 596
9.6 599
9.6167 602
9.6333 606
9.65 609
9.6667 612
9.6833 615
9.7 618
9.7167 621
9.7333 624
9.75 627
9.7667 630
9.7833 633
9.8 636
9.8167 639
9.8333 642
9.85 645
9.8667 648
9.8833 651
9.9 654
9.9167 657
9.9333 660
9.95 663
9.9667 665
9.9833 668
10.0 671
10.0167 674
10.0333 677
10.05 679
10.0667 682
10.0833 685
10.1 688
10.1167 690
10.1333 693
10.15 696
10.1667 698
10.1833 701
10.2 704
10.2167 706
10.2333 709
10.25 711
10.2667 714
10.2833 717
10.3 719
10.3167 722
10.3333 724
10.35 727
10.3667 729
10.3833 732
10.4 734
10.4167 736
10.4333 739
10.45 741
10.4667 744
10.4833 746
10.5 748
10.5167 750
10.5333 753
10.55 755
10.5667 757
10.5833 760
10.6 762
10.6167 764
10.6333 766
10.65 768
10.6667 771
10.6833 773
10.7 775
10.7167 777
10.7333 779
10.75 781
10.7667 783
10.7833 785
10.8 787
10.8167 789
10.8333 791
10.85 793
10.8667 795
10.8833 797
10.9 799
10.9167 801
10.9333 803
10.95 804
10.9667 806
10.9833 808
11.0 810
11.0167 812
11.0333 813
11.05 815
11.0667 817
11.0833 818
11.1 820
11.1167 822
11.1333 823
11.15 825
11.1667 827
11.1833 828
11.2 830
11.2167 831
11.2333 833
11.25 834
11.2667 836
11.2833 837
11.3 839
11.3167 840
11.3333 842
11.35 843
11.3667 844
11.3833 846
11.4 847
11.4167 848
11.4333 850
11.45 851
11.4667 852
11.4833 853
11.5 855
11.5167 856
11.5333 857
11.55 858
11.5667 859
11.5833 860
11.6 861
11.6167 862
11.6333 863
11.65 865
11.6667 866
11.6833 867
11.7 867
11.7167 868
11.7333 869
11.75 870
11.7667 871
11.7833 872
11.8 873
11.8167 874
11.8333 875
11.85 875
11.8667 876
11.8833 877
11.9 878
11.9167 878
11.9333 879
11.95 880
11.9667 880
11.9833 881
12.0 881
12.0167 882
12.0333 883
12.05 883
12.0667 884
12.0833 884
12.1 885
12.1167 885
12.1333 886
12.15 886
12.1667 886
12.1833 887
12.2 887
12.2167 888
12.2333 888
12.25 888
12.2667 888
12.2833 889
12.3 889
12.3167 889
12.3333 889
12.35 889
12.3667 890
12.3833 890
12.4 890
12.4167 890
12.4333 890
12.45 890
12.4667 890
12.4833 890
12.5 890
12.5167 890
12.5333 890
12.55 890
12.5667 890
12.5833 890
12.6 890
12.6167 889
12.6333 889
12.65 889
12.6667 889
12.6833 889
12.7 888
12.7167 888
12.7333 888
12.75 887
12.7667 887
12.7833 887
12.8 886
12.8167 886
12.8333 886
12.85 885
12.8667 885
12.8833 884
12.9 884
12.9167 883
12.9333 883
12.95 882
12.9667 881
12.9833 881
13.0 880
13.0167 880
13.0333 879
13.05 878
13.0667 878
13.0833 877
13.1 876
13.1167 875
13.1333 875
13.15 874
13.1667 873
13.1833 872
13.2 871
13.2167 870
13.2333 869
13.25 868
13.2667 867
13.2833 866
13.3 866
13.3167 864
13.3333 863
13.35 862
13.3667 861
13.3833 860
13.4 859
13.4167 858
13.4333 857
13.45 856
13.4667 855
13.4833 853
13.5 852
13.5167 851
13.5333 850
13.55 848
13.5667 847
13.5833 846
13.6 844
13.6167 843
13.6333 842
13.65 840
13.6667 839
13.6833 837
13.7 836
13.7167 834
13.7333 833
13.75 831
13.7667 830
13.7833 828
13.8 827
13.8167 825
13.8333 823
13.85 822
13.8667 820
13.8833 818
13.9 817
13.9167 815
13.9333 813
13.95 811
13.9667 810
13.9833 808
14.0 806
14.0167 804
14.0333 802
14.05 801
14.0667 799
14.0833 797
14.1 795
14.1167 793
14.1333 791
14.15 789
14.1667 787
14.1833 785
14.2 783
14.2167 781
14.2333 779
14.25 777
14.2667 775
14.2833 773
14.3 770
14.3167 768
14.3333 766
14.35 764
14.3667 762
14.3833 760
14.4 757
14.4167 755
14.4333 753
14.45 750
14.4667 748
14.4833 746
14.5 743
14.5167 741
14.5333 739
14.55 736
14.5667 734
14.5833 731
14.6 729
14.6167 727
14.6333 724
14.65 722
14.6667 719
14.6833 717
14.7 714
14.7167 711
14.7333 709
14.75 706
14.7667 704
14.7833 701
14.8 698
14.8167 696
14.8333 693
14.85 690
14.8667 688
14.8833 685
14.9 682
14.9167 679
14.9333 677
14.95 674
14.9667 671
14.9833 668
15.0 664
15.0167 661
15.0333 658
15.05 656
15.0667 653
15.0833 650
15.1 647
15.1167 644
15.1333 641
15.15 638
15.1667 635
15.1833 632
15.2 629
15.2167 626
15.2333 623
15.25 620
15.2667 617
15.2833 614
15.3 611
15.3167 607
15.3333 604
15.35 601
15.3667 598
15.3833 595
15.4 592
15.4167 588
15.4333 585
15.45 582
15.4667 579
15.4833 576
15.5 572
15.5167 569
15.5333 566
15.55 562
15.5667 559
15.5833 556
15.6 552
15.6167 549
15.6333 546
15.65 542
15.6667 539
15.6833 536
15.7 532
15.7167 529
15.7333 525
15.75 522
15.7667 518
15.7833 515
15.8 512
15.8167 508
15.8333 505
15.85 501
15.8667 498
15.8833 494
15.9 490
15.9167 487
15.9333 483
15.95 480
15.9667 476
15.9833 473
16.0 469
16.0167 465
16.0333 462
16.05 458
16.0667 455
16.0833 451
16.1 447
16.1167 444
16.1333 440
16.15 436
16.1667 433
16.1833 429
16.2 425
16.2167 421
16.2333 418
16.25 414
16.2667 410
16.2833 407
16.3 403
16.3167 399
16.3333 395
16.35 392
16.3667 388
16.3833 384
16.4 380
16.4167 376
16.4333 373
16.45 369
16.4667 365
16.4833 361
16.5 357
16.5167 354
16.5333 350
16.55 346
16.5667 342
16.5833 338
16.6 334
16.6167 331
16.6333 327
16.65 323
16.6667 319
16.6833 315
16.7 311
16.7167 307
16.7333 304
16.75 300
16.7667 296
16.7833 292
16.8 288
16.8167 284
16.8333 280
16.85 276
16.8667 273
16.8833 269
16.9 265
16.9167 261
16.9333 257
16.95 253
16.9667 249
16.9833 246
