8.0 268
8.0167 272
8.0333 276
8.05 279
8.0667 283
8.0833 287
8.1 290
8.1167 294
8.1333 298
8.15 301
8.1667 305
8.1833 309
8.2 312
8.2167 316
8.2333 320
8.25 324
8.2667 327
8.2833 331
8.3 335
8.3167 338
8.3333 342
8.35 346
8.3667 349
8.3833 353
8.4 357
8.4167 360
8.4333 364
8.45 368
8.4667 372
8.4833 375
8.5 379
8.5167 383
8.5333 386
8.55 390
8.5667 394
8.5833 397
8.6 401
8.6167 405
8.6333 408
8.65 412
8.6667 416
8.6833 419
8.7 423
8.7167 426
8.7333 430
8.75 434
8.7667 437
8.7833 441
8.8 445
8.8167 448
8.8333 452
8.85 455
8.8667 459
8.8833 462
8.9 466
8.9167 470
8.9333 473
8.95 477
8.9667 480
8.9833 484
9.0 487
9.0167 491
9.0333 494
9.05 498
9.0667 501
9.0833 505
9.1 508
9.1167 512
9.1333 515
9.15 518
9.1667 522
9.1833 525
9.2 529
9.2167 532
9.2333 536
9.25 539
9.2667 542
9.2833 546
9.3 549
9.3167 553
9.3333 556
9.35 559
9.3667 563
9.3833 566
9.4 569
9.4167 573
9.4333 576
9.45 579
9.4667 582
9.4833 586
9.5 589
9.5167 592
9.5333 595
9.55 599
9.5667 602
9.5833 605
9.6 608
9.6167 611
9.6333 615
9.65 618
9.6667 621
9.6833 624
9.7 627
9.7167 630
9.7333 633
9.75 636
9.7667 639
9.7833 642
9.8 646
9.8167 649
9.8333 652
9.85 655
9.8667 658
9.8833 661
9.9 664
9.9167 667
9.9333 669
9.95 672
9.9667 675
9.9833 678
10.0 681
10.0167 684
10.0333 687
10.05 690
10.0667 692
10.0833 695
10.1 698
10.1167 701
10.1333 704
10.15 706
10.1667 709
10.1833 712
10.2 715
10.2167 717
10.2333 720
10.25 723
10.2667 725
10.2833 728
10.3 731
10.3167 733
10.3333 736
10.35 738
10.3667 741
10.3833 744
10.4 746
10.4167 749
10.4333 751
10.45 754
10.4667 756
10.4833 759
10.5 761
10.5167 763
10.5333 766
10.55 768
10.5667 771
10.5833 773
10.6 775
10.6167 778
10.6333 780
10.65 782
10.6667 785
10.6833 787
10.7 789
10.7167 791
10.7333 794
10.75 796
10.7667 798
10.7833 800
10.8 802
10.8167 804
10.8333 807
10.85 809
10.8667 811
10.8833 813
10.9 815
10.9167 817
10.9333 819
10.95 821
10.9667 823
10.9833 825
11.0 827
11.0167 829
11.0333 831
11.05 833
11.0667 835
11.0833 836
11.1 838
11.1167 840
11.1333 842
11.15 844
11.1667 845
11.1833 847
11.2 849
11.2167 851
11.2333 852
11.25 854
11.2667 856
11.2833 857
11.3 859
11.3167 861
11.3333 862
11.35 864
11.3667 865
11.3833 867
11.4 868
11.4167 870
11.4333 871
11.45 873
11.4667 874
11.4833 876
11.5 877
11.5167 879
11.5333 880
11.55 881
11.5667 883
11.5833 884
11.6 885
11.6167 887
11.6333 888
11.65 889
11.6667 890
11.6833 891
11.7 893
11.7167 894
11.7333 895
11.75 896
11.7667 897
11.7833 898
11.8 899
11.8167 900
11.8333 901
11.85 903
11.8667 904
11.8833 904
11.9 905
11.9167 906
11.9333 907
11.95 908
11.9667 909
11.9833 910
12.0 911
12.0167 912
12.0333 912
12.05 913
12.0667 914
12.0833 915
12.1 915
12.1167 916
12.1333 917
12.15 918
12.1667 918
12.1833 919
12.2 919
12.2167 920
12.2333 921
12.25 921
12.2667 922
12.2833 922
12.3 923
12.3167 923
12.3333 924
12.35 924
12.3667 924
12.3833 925
12.4 925
12.4167 926
12.4333 926
12.45 926
12.4667 927
12.4833 927
12.5 927
12.5167 927
12.5333 928
12.55 928
12.5667 928
12.5833 928
12.6 928
12.6167 928
12.6333 928
12.65 928
12.6667 929
12.6833 929
12.7 929
12.7167 929
12.7333 929
12.75 929
12.7667 928
12.7833 928
12.8 928
12.8167 928
12.8333 928
12.85 928
12.8667 928
12.8833 927
12.9 927
12.9167 927
12.9333 927
12.95 926
12.9667 926
12.9833 926
13.0 926
13.0167 925
13.0333 925
13.05 924
13.0667 924
13.0833 924
13.1 923
13.1167 923
13.1333 922
13.15 922
13.1667 921
13.1833 921
13.2 920
13.2167 919
13.2333 919
13.25 918
13.2667 917
13.2833 917
13.3 916
13.3167 915
13.3333 915
13.35 914
13.3667 913
13.3833 912
13.4 912
13.4167 911
13.4333 910
13.45 909
13.4667 908
13.4833 907
13.5 906
13.5167 905
13.5333 904
13.55 903
13.5667 902
13.5833 901
13.6 900
13.6167 899
13.6333 898
13.65 897
13.6667 896
13.6833 895
13.7 894
13.7167 893
13.7333 891
13.75 890
13.7667 889
13.7833 888
13.8 886
13.8167 885
13.8333 884
13.85 883
13.8667 881
13.8833 880
13.9 878
13.9167 877
13.9333 876
13.95 874
13.9667 873
13.9833 871
14.0 870
14.0167 868
14.0333 867
14.05 865
14.0667 864
14.0833 862
14.1 861
14.1167 859
14.1333 857
14.15 856
14.1667 854
14.1833 852
14.2 851
14.2167 849
14.2333 847
14.25 845
14.2667 844
14.2833 842
14.3 840
14.3167 838
14.3333 836
14.35 834
14.3667 832
14.3833 831
14.4 829
14.4167 827
14.4333 825
14.45 823
14.4667 821
14.4833 819
14.5 817
14.5167 815
14.5333 813
14.55 811
14.5667 809
14.5833 806
14.6 804
14.6167 802
14.6333 800
14.65 798
14.6667 796
14.6833 793
14.7 791
14.7167 789
14.7333 787
14.75 784
14.7667 782
14.7833 780
14.8 778
14.8167 775
14.8333 773
14.85 771
14.8667 768
14.8833 766
14.9 763
14.9167 761
14.9333 758
14.95 756
14.9667 753
14.9833 751
15.0 748
15.0167 745
15.0333 743
15.05 740
15.0667 738
15.0833 735
15.1 732
15.1167 730
15.1333 727
15.15 725
15.1667 722
15.1833 719
15.2 717
15.2167 714
15.2333 711
15.25 708
15.2667 706
15.2833 703
15.3 700
15.3167 697
15.3333 694
15.35 692
15.3667 689
15.3833 686
15.4 683
15.4167 680
15.4333 677
15.45 674
15.4667 671
15.4833 669
15.5 666
15.5167 663
15.5333 660
15.55 657
15.5667 654
15.5833 651
15.6 648
15.6167 645
15.6333 642
15.65 639
15.6667 635
15.6833 632
15.7 629
15.7167 626
15.7333 623
15.75 620
15.7667 617
15.7833 614
15.8 610
15.8167 607
15.8333 604
15.85 601
15.8667 598
15.8833 594
15.9 591
15.9167 588
15.9333 585
15.95 581
15.9667 578
15.9833 575
16.0 572
16.0167 568
16.0333 565
16.05 562
16.0667 558
16.0833 555
16.1 552
16.1167 548
16.1333 545
16.15 541
16.1667 538
16.1833 535
16.2 531
16.2167 528
16.2333 524
16.25 521
16.2667 517
16.2833 514
16.3 511
16.3167 507
16.3333 504
16.35 500
16.3667 497
16.3833 493
16.4 490
16.4167 486
16.4333 483
16.45 479
16.4667 475
16.4833 472
16.5 468
16.5167 465
16.5333 461
16.55 458
16.5667 454
16.5833 450
16.6 447
16.6167 443
16.6333 440
16.65 436
16.6667 432
16.6833 429
16.7 425
16.7167 422
16.7333 418
16.75 414
16.7667 411
16.7833 407
16.8 403
16.8167 400
16.8333 396
16.85 392
16.8667 389
16.8833 385
16.9 381
16.9167 378
16.9333 374
16.95 370
16.9667 367
16.9833 363
