8.0 261
8.0167 264
8.0333 268
8.05 271
8.0667 275
8.0833 279
8.1 282
8.1167 286
8.1333 290
8.15 293
8.1667 297
8.1833 300
8.2 304
8.2167 308
8.2333 311
8.25 315
8.2667 319
8.2833 322
8.3 326
8.3167 330
8.3333 333
8.35 337
8.3667 341
8.3833 344
8.4 348
8.4167 351
8.4333 355
8.45 359
8.4667 362
8.4833 366
8.5 370
8.5167 373
8.5333 377
8.55 381
8.5667 384
8.5833 388
8.6 391
8.6167 395
8.6333 399
8.65 402
8.6667 406
8.6833 410
8.7 413
8.7167 417
8.7333 420
8.75 424
8.7667 428
8.7833 431
8.8 435
8.8167 438
8.8333 442
8.85 445
8.8667 449
8.8833 452
8.9 456
8.9167 460
8.9333 463
8.95 467
8.9667 470
8.9833 474
9.0 477
9.0167 480
9.0333 484
9.05 487
9.0667 491
9.0833 494
9.1 498
9.1167 501
9.1333 505
9.15 508
9.1667 511
9.1833 515
9.2 518
9.2167 522
9.2333 525
9.25 528
9.2667 532
9.2833 535
9.3 539
9.3167 542
9.3333 545
9.35 549
9.3667 552
9.3833 555
9.4 558
9.4167 562
9.4333 565
9.45 568
9.4667 572
9.4833 575
9.5 578
9.5167 581
9.5333 584
9.55 588
9.5667 591
9.5833 594
9.6 597
9.6167 600
9.6333 603
9.65 607
9.6667 610
9.6833 613
9.7 616
9.7167 619
9.7333 622
9.75 625
9.7667 628
9.7833 631
9.8 634
9.8167 637
9.8333 640
9.85 643
9.8667 646
9.8833 649
9.9 652
9.9167 655
9.9333 658
9.95 661
9.9667 664
9.9833 667
10.0 670
10.0167 672
10.0333 675
10.05 678
10.0667 681
10.0833 684
10.1 687
10.1167 689
10.1333 692
10.15 695
10.1667 698
10.1833 700
10.2 703
10.2167 706
10.2333 708
10.25 711
10.2667 714
10.2833 716
10.3 719
10.3167 721
10.3333 724
10.35 727
10.3667 729
10.3833 732
10.4 734
10.4167 737
10.4333 739
10.45 742
10.4667 744
10.4833 747
10.5 749
10.5167 752
10.5333 754
10.55 756
10.5667 759
10.5833 761
10.6 763
10.6167 766
10.6333 768
10.65 770
10.6667 773
10.6833 775
10.7 777
10.7167 779
10.7333 781
10.75 784
10.7667 786
10.7833 788
10.8 790
10.8167 792
10.8333 794
10.85 797
10.8667 799
10.8833 801
10.9 803
10.9167 805
10.9333 807
10.95 809
10.9667 811
10.9833 813
11.0 815
11.0167 817
11.0333 818
11.05 820
11.0667 822
11.0833 824
11.1 826
11.1167 828
11.1333 829
11.15 831
11.1667 833
11.1833 835
11.2 837
11.2167 838
11.2333 840
11.25 842
11.2667 843
11.2833 845
11.3 847
11.3167 848
11.3333 850
11.35 851
11.3667 853
11.3833 854
11.4 856
11.4167 857
11.4333 859
11.45 860
11.4667 862
11.4833 863
11.5 865
11.5167 866
11.5333 867
11.55 869
11.5667 870
11.5833 871
11.6 873
11.6167 874
11.6333 875
11.65 876
11.6667 878
11.6833 879
11.7 880
11.7167 881
11.7333 882
11.75 883
11.7667 885
11.7833 886
11.8 887
11.8167 888
11.8333 889
11.85 890
11.8667 891
11.8833 892
11.9 893
11.9167 894
11.9333 895
11.95 895
11.9667 896
11.9833 897
12.0 898
12.0167 899
12.0333 900
12.05 900
12.0667 901
12.0833 902
12.1 903
12.1167 903
12.1333 904
12.15 905
12.1667 905
12.1833 906
12.2 906
12.2167 907
12.2333 908
12.25 908
12.2667 909
12.2833 909
12.3 910
12.3167 910
12.3333 911
12.35 911
12.3667 911
12.3833 912
12.4 912
12.4167 913
12.4333 913
12.45 913
12.4667 913
12.4833 914
12.5 914
12.5167 914
12.5333 914
12.55 915
12.5667 915
12.5833 915
12.6 915
12.6167 915
12.6333 915
12.65 915
12.6667 915
12.6833 915
12.7 915
12.7167 915
12.7333 915
12.75 915
12.7667 915
12.7833 915
12.8 915
12.8167 915
12.8333 915
12.85 915
12.8667 915
12.8833 914
12.9 914
12.9167 914
12.9333 914
12.95 913
12.9667 913
12.9833 913
13.0 912
13.0167 912
13.0333 912
13.05 911
13.0667 911
13.0833 910
13.1 910
13.1167 909
13.1333 909
13.15 908
13.1667 908
13.1833 907
13.2 907
13.2167 906
13.2333 906
13.25 905
13.2667 904
13.2833 904
13.3 903
13.3167 902
13.3333 901
13.35 901
13.3667 900
13.3833 899
13.4 898
13.4167 897
13.4333 897
13.45 896
13.4667 895
13.4833 894
13.5 893
13.5167 892
13.5333 891
13.55 890
13.5667 889
13.5833 888
13.6 887
13.6167 886
13.6333 885
13.65 884
13.6667 883
13.6833 882
13.7 880
13.7167 879
13.7333 878
13.75 877
13.7667 876
13.7833 874
13.8 873
13.8167 872
13.8333 870
13.85 869
13.8667 868
13.8833 866
13.9 865
13.9167 864
13.9333 862
13.95 861
13.9667 859
13.9833 858
14.0 856
14.0167 855
14.0333 853
14.05 852
14.0667 850
14.0833 849
14.1 847
14.1167 845
14.1333 844
14.15 842
14.1667 841
14.1833 839
14.2 837
14.2167 835
14.2333 834
14.25 832
14.2667 830
14.2833 828
14.3 827
14.3167 825
14.3333 823
14.35 821
14.3667 819
14.3833 817
14.4 815
14.4167 813
14.4333 811
14.45 809
14.4667 807
14.4833 805
14.5 803
14.5167 801
14.5333 799
14.55 797
14.5667 795
14.5833 793
14.6 791
14.6167 789
14.6333 787
14.65 784
14.6667 782
14.6833 780
14.7 778
14.7167 776
14.7333 773
14.75 771
14.7667 769
14.7833 767
14.8 764
14.8167 762
14.8333 759
14.85 757
14.8667 755
14.8833 752
14.9 750
14.9167 748
14.9333 745
14.95 743
14.9667 740
14.9833 738
15.0 734
15.0167 732
15.0333 729
15.05 727
15.0667 724
15.0833 722
15.1 719
15.1167 716
15.1333 714
15.15 711
15.1667 709
15.1833 706
15.2 703
15.2167 701
15.2333 698
15.25 695
15.2667 692
15.2833 690
15.3 687
15.3167 684
15.3333 681
15.35 678
15.3667 676
15.3833 673
15.4 670
15.4167 667
15.4333 664
15.45 661
15.4667 658
15.4833 655
15.5 652
15.5167 650
15.5333 647
15.55 644
15.5667 641
15.5833 638
15.6 635
15.6167 632
15.6333 629
15.65 625
15.6667 622
15.6833 619
15.7 616
15.7167 613
15.7333 610
15.75 607
15.7667 604
15.7833 601
15.8 598
15.8167 594
15.8333 591
15.85 588
15.8667 585
15.8833 582
15.9 578
15.9167 575
15.9333 572
15.95 569
15.9667 565
15.9833 562
16.0 559
16.0167 556
16.0333 552
16.05 549
16.0667 546
16.0833 542
16.1 539
16.1167 536
16.1333 532
16.15 529
16.1667 525
16.1833 522
16.2 519
16.2167 515
16.2333 512
16.25 508
16.2667 505
16.2833 502
16.3 498
16.3167 495
16.3333 491
16.35 488
16.3667 484
16.3833 481
16.4 477
16.4167 474
16.4333 470
16.45 467
16.4667 463
16.4833 460
16.5 456
16.5167 453
16.5333 449
16.55 446
16.5667 442
16.5833 438
16.6 435
16.6167 431
16.6333 428
16.65 424
16.6667 421
16.6833 417
16.7 413
16.7167 410
16.7333 406
16.75 403
16.7667 399
16.7833 395
16.8 392
16.8167 388
16.8333 384
16.85 381
16.8667 377
16.8833 374
16.9 370
16.9167 366
16.9333 363
16.95 359
16.9667 355
16.9833 352
