8.0 244
8.0167 247
8.0333 251
8.05 255
8.0667 259
8.0833 262
8.1 266
8.1167 270
8.1333 274
8.15 277
8.1667 281
8.1833 285
8.2 288
8.2167 292
8.2333 296
8.25 300
8.2667 303
8.2833 307
8.3 311
8.3167 315
8.3333 318
8.35 322
8.3667 326
8.3833 330
8.4 333
8.4167 337
8.4333 341
8.45 344
8.4667 348
8.4833 352
8.5 356
8.5167 359
8.5333 363
8.55 367
8.5667 370
8.5833 374
8.6 378
8.6167 382
8.6333 385
8.65 389
8.6667 393
8.6833 396
8.7 400
8.7167 404
8.7333 407
8.75 411
8.7667 415
8.7833 418
8.8 422
8.8167 425
8.8333 429
8.85 433
8.8667 436
8.8833 440
8.9 443
8.9167 447
8.9333 451
8.95 454
8.9667 458
8.9833 461
9.0 465
9.0167 468
9.0333 471
9.05 475
9.0667 478
9.0833 482
9.1 485
9.1167 489
9.1333 492
9.15 496
9.1667 499
9.1833 503
9.2 506
9.2167 510
9.2333 513
9.25 516
9.2667 520
9.2833 523
9.3 527
9.3167 530
9.3333 533
9.35 537
9.3667 540
9.3833 543
9.4 547
9.4167 550
9.4333 553
9.45 556
9.4667 560
9.4833 563
9.5 566
9.5167 569
9.5333 573
9.55 576
9.5667 579
9.5833 582
9.6 585
9.6167 588
9.6333 592
9.65 595
9.6667 598
9.6833 601
9.7 604
9.7167 607
9.7333 610
9.75 613
9.7667 616
9.7833 619
9.8 622
9.8167 625
9.8333 628
9.85 631
9.8667 634
9.8833 637
9.9 640
9.9167 643
9.9333 646
9.95 649
9.9667 651
9.9833 654
10.0 657
10.0167 660
10.0333 663
10.05 666
10.0667 668
10.0833 671
10.1 674
10.1167 677
10.1333 679
10.15 682
10.1667 685
10.1833 687
10.2 690
10.2167 693
10.2333 695
10.25 698
10.2667 700
10.2833 703
10.3 705
10.3167 708
10.3333 711
10.35 713
10.3667 716
10.3833 718
10.4 720
10.4167 723
10.4333 725
10.45 728
10.4667 730
10.4833 733
10.5 735
10.5167 737
10.5333 740
10.55 742
10.5667 744
10.5833 746
10.6 749
10.6167 751
10.6333 753
10.65 755
10.6667 758
10.6833 760
10.7 762
10.7167 764
10.7333 766
10.75 768
10.7667 770
10.7833 772
10.8 774
10.8167 776
10.8333 778
10.85 781
10.8667 782
10.8833 784
10.9 786
10.9167 788
10.9333 790
10.95 792
10.9667 794
10.9833 796
11.0 798
11.0167 799
11.0333 801
11.05 803
11.0667 805
11.0833 807
11.1 808
11.1167 810
11.1333 812
11.15 813
11.1667 815
11.1833 817
11.2 818
11.2167 820
11.2333 821
11.25 823
11.2667 824
11.2833 826
11.3 827
11.3167 829
11.3333 830
11.35 832
11.3667 833
11.3833 835
11.4 836
11.4167 837
11.4333 839
11.45 840
11.4667 841
11.4833 843
11.5 844
11.5167 845
11.5333 846
11.55 848
11.5667 849
11.5833 850
11.6 851
11.6167 852
11.6333 853
11.65 854
11.6667 856
11.6833 857
11.7 858
11.7167 859
11.7333 860
11.75 861
11.7667 862
11.7833 862
11.8 863
11.8167 864
11.8333 865
11.85 866
11.8667 867
11.8833 868
11.9 868
11.9167 869
11.9333 870
11.95 871
11.9667 871
11.9833 872
12.0 873
12.0167 873
12.0333 874
12.05 875
12.0667 875
12.0833 876
12.1 876
12.1167 877
12.1333 877
12.15 878
12.1667 878
12.1833 879
12.2 879
12.2167 880
12.2333 880
12.25 880
12.2667 881
12.2833 881
12.3 881
12.3167 882
12.3333 882
12.35 882
12.3667 882
12.3833 883
12.4 883
12.4167 883
12.4333 883
12.45 883
12.4667 883
12.4833 883
12.5 884
12.5167 884
12.5333 884
12.55 884
12.5667 884
12.5833 884
12.6 883
12.6167 883
12.6333 883
12.65 883
12.6667 883
12.6833 883
12.7 883
12.7167 882
12.7333 882
12.75 882
12.7667 882
12.7833 881
12.8 881
12.8167 881
12.8333 880
12.85 880
12.8667 880
12.8833 879
12.9 879
12.9167 878
12.9333 878
12.95 878
12.9667 877
12.9833 876
13.0 876
13.0167 875
13.0333 875
13.05 874
13.0667 874
13.0833 873
13.1 872
13.1167 872
13.1333 871
13.15 870
13.1667 869
13.1833 869
13.2 868
13.2167 867
13.2333 866
13.25 865
13.2667 864
13.2833 864
13.3 863
13.3167 862
13.3333 861
13.35 860
13.3667 859
13.3833 858
13.4 857
13.4167 856
13.4333 855
13.45 854
13.4667 852
13.4833 851
13.5 850
13.5167 849
13.5333 848
13.55 847
13.5667 845
13.5833 844
13.6 843
13.6167 842
13.6333 840
13.65 839
13.6667 838
13.6833 836
13.7 835
13.7167 834
13.7333 832
13.75 831
13.7667 829
13.7833 828
13.8 826
13.8167 825
13.8333 823
13.85 822
13.8667 820
13.8833 819
13.9 817
13.9167 815
13.9333 814
13.95 812
13.9667 810
13.9833 809
14.0 807
14.0167 805
14.0333 803
14.05 802
14.0667 800
14.0833 798
14.1 796
14.1167 794
14.1333 792
14.15 791
14.1667 789
14.1833 787
14.2 785
14.2167 783
14.2333 781
14.25 779
14.2667 777
14.2833 775
14.3 773
14.3167 771
14.3333 769
14.35 767
14.3667 764
14.3833 762
14.4 760
14.4167 758
14.4333 756
14.45 754
14.4667 751
14.4833 749
14.5 747
14.5167 745
14.5333 742
14.55 740
14.5667 738
14.5833 735
14.6 733
14.6167 731
14.6333 728
14.65 726
14.6667 723
14.6833 721
14.7 719
14.7167 716
14.7333 714
14.75 711
14.7667 709
14.7833 706
14.8 703
14.8167 701
14.8333 698
14.85 696
14.8667 693
14.8833 690
14.9 688
14.9167 685
14.9333 682
14.95 680
14.9667 677
14.9833 674
15.0 671
15.0167 668
15.0333 665
15.05 662
15.0667 659
15.0833 657
15.1 654
15.1167 651
15.1333 648
15.15 645
15.1667 642
15.1833 639
15.2 636
15.2167 634
15.2333 631
15.25 628
15.2667 625
15.2833 622
15.3 619
15.3167 616
15.3333 613
15.35 610
15.3667 607
15.3833 603
15.4 600
15.4167 597
15.4333 594
15.45 591
15.4667 588
15.4833 585
15.5 582
15.5167 578
15.5333 575
15.55 572
15.5667 569
15.5833 566
15.6 562
15.6167 559
15.6333 556
15.65 553
15.6667 549
15.6833 546
15.7 543
15.7167 539
15.7333 536
15.75 533
15.7667 529
15.7833 526
15.8 523
15.8167 519
15.8333 516
15.85 513
15.8667 509
15.8833 506
15.9 502
15.9167 499
15.9333 495
15.95 492
15.9667 489
15.9833 485
16.0 482
16.0167 478
16.0333 475
16.05 471
16.0667 468
16.0833 464
16.1 460
16.1167 457
16.1333 453
16.15 450
16.1667 446
16.1833 443
16.2 439
16.2167 435
16.2333 432
16.25 428
16.2667 425
16.2833 421
16.3 417
16.3167 414
16.3333 410
16.35 406
16.3667 403
16.3833 399
16.4 395
16.4167 392
16.4333 388
16.45 384
16.4667 381
16.4833 377
16.5 373
16.5167 370
16.5333 366
16.55 362
16.5667 359
16.5833 355
16.6 351
16.6167 347
16.6333 344
16.65 340
16.6667 336
16.6833 333
16.7 329
16.7167 325
16.7333 321
16.75 318
16.7667 314
16.7833 310
16.8 306
16.8167 303
16.8333 299
16.85 295
16.8667 291
16.8833 288
16.9 284
16.9167 280
16.9333 276
16.95 273
16.9667 269
16.9833 265
