8.0 256
8.0167 259
8.0333 263
8.05 266
8.0667 270
8.0833 274
8.1 277
8.1167 281
8.1333 285
8.15 288
8.1667 292
8.1833 295
8.2 299
8.2167 303
8.2333 306
8.25 310
8.2667 314
8.2833 317
8.3 321
8.3167 325
8.3333 328
8.35 332
8.3667 336
8.3833 339
8.4 343
8.4167 347
8.4333 350
8.45 354
8.4667 357
8.4833 361
8.5 365
8.5167 368
8.5333 372
8.55 376
8.5667 379
8.5833 383
8.6 387
8.6167 390
8.6333 394
8.65 397
8.6667 401
8.6833 405
8.7 408
8.7167 412
8.7333 415
8.75 419
8.7667 423
8.7833 426
8.8 430
8.8167 433
8.8333 437
8.85 440
8.8667 444
8.8833 448
8.9 451
8.9167 455
8.9333 458
8.95 462
8.9667 465
8.9833 469
9.0 472
9.0167 475
9.0333 479
9.05 482
9.0667 486
9.0833 489
9.1 493
9.1167 496
9.1333 500
9.15 503
9.1667 507
9.1833 510
9.2 513
9.2167 517
9.2333 520
9.25 524
9.2667 527
9.2833 530
9.3 534
9.3167 537
9.3333 540
9.35 544
9.3667 547
9.3833 550
9.4 554
9.4167 557
9.4333 560
9.45 563
9.4667 567
9.4833 570
9.5 573
9.5167 576
9.5333 579
9.55 583
9.5667 586
9.5833 589
9.6 592
9.6167 595
9.6333 599
9.65 602
9.6667 605
9.6833 608
9.7 611
9.7167 614
9.7333 617
9.75 620
9.7667 623
9.7833 626
9.8 629
9.8167 632
9.8333 635
9.85 638
9.8667 641
9.8833 644
9.9 647
9.9167 650
9.9333 653
9.95 656
9.9667 659
9.9833 662
10.0 665
10.0167 667
10.0333 670
10.05 673
10.0667 676
10.0833 679
10.1 681
10.1167 684
10.1333 687
10.15 690
10.1667 692
10.1833 695
10.2 698
10.2167 701
10.2333 703
10.25 706
10.2667 709
10.2833 711
10.3 714
10.3167 716
10.3333 719
10.35 721
10.3667 724
10.3833 727
10.4 729
10.4167 732
10.4333 734
10.45 737
10.4667 739
10.4833 741
10.5 744
10.5167 746
10.5333 749
10.55 751
10.5667 753
10.5833 756
10.6 758
10.6167 760
10.6333 763
10.65 765
10.6667 767
10.6833 770
10.7 772
10.7167 774
10.7333 776
10.75 778
10.7667 781
10.7833 783
10.8 785
10.8167 787
10.8333 789
10.85 791
10.8667 793
10.8833 795
10.9 797
10.9167 799
10.9333 801
10.95 803
10.9667 805
10.9833 807
11.0 809
11.0167 811
11.0333 813
11.05 815
11.0667 817
11.0833 818
11.1 820
11.1167 822
11.1333 824
11.15 826
11.1667 827
11.1833 829
11.2 831
11.2167 833
11.2333 834
11.25 836
11.2667 838
11.2833 839
11.3 841
11.3167 842
11.3333 844
11.35 845
11.3667 847
11.3833 849
11.4 850
11.4167 852
11.4333 853
11.45 854
11.4667 856
11.4833 857
11.5 859
11.5167 860
11.5333 861
11.55 863
11.5667 864
11.5833 865
11.6 867
11.6167 868
11.6333 869
11.65 870
11.6667 872
11.6833 873
11.7 874
11.7167 875
11.7333 876
11.75 877
11.7667 878
11.7833 879
11.8 880
11.8167 881
11.8333 882
11.85 883
11.8667 884
11.8833 885
11.9 886
11.9167 887
11.9333 888
11.95 889
11.9667 890
11.9833 891
12.0 891
12.0167 892
12.0333 893
12.05 894
12.0667 895
12.0833 895
12.1 896
12.1167 897
12.1333 897
12.15 898
12.1667 899
12.1833 899
12.2 900
12.2167 900
12.2333 901
12.25 901
12.2667 902
12.2833 902
12.3 903
12.3167 903
12.3333 904
12.35 904
12.3667 905
12.3833 905
12.4 905
12.4167 906
12.4333 906
12.45 906
12.4667 906
12.4833 907
12.5 907
12.5167 907
12.5333 907
12.55 907
12.5667 908
12.5833 908
12.6 908
12.6167 908
12.6333 908
12.65 908
12.6667 908
12.6833 908
12.7 908
12.7167 908
12.7333 908
12.75 908
12.7667 908
12.7833 908
12.8 908
12.8167 907
12.8333 907
12.85 907
12.8667 907
12.8833 907
12.9 906
12.9167 906
12.9333 906
12.95 906
12.9667 905
12.9833 905
13.0 904
13.0167 904
13.0333 904
13.05 903
13.0667 903
13.0833 902
13.1 902
13.1167 901
13.1333 901
13.15 900
13.1667 900
13.1833 899
13.2 899
13.2167 898
13.2333 897
13.25 897
13.2667 896
13.2833 895
13.3 894
13.3167 894
13.3333 893
13.35 892
13.3667 891
13.3833 891
13.4 890
13.4167 889
13.4333 888
13.45 887
13.4667 886
13.4833 885
13.5 884
13.5167 883
13.5333 882
13.55 881
13.5667 880
13.5833 879
13.6 878
13.6167 877
13.6333 876
13.65 875
13.6667 874
13.6833 873
13.7 871
13.7167 870
13.7333 869
13.75 868
13.7667 866
13.7833 865
13.8 864
13.8167 863
13.8333 861
13.85 860
13.8667 858
13.8833 857
13.9 856
13.9167 854
13.9333 853
13.95 851
13.9667 850
13.9833 848
14.0 847
14.0167 845
14.0333 844
14.05 842
14.0667 841
14.0833 839
14.1 837
14.1167 836
14.1333 834
14.15 832
14.1667 831
14.1833 829
14.2 827
14.2167 825
14.2333 824
14.25 822
14.2667 820
14.2833 818
14.3 816
14.3167 815
14.3333 813
14.35 811
14.3667 809
14.3833 807
14.4 805
14.4167 803
14.4333 801
14.45 799
14.4667 797
14.4833 795
14.5 793
14.5167 791
14.5333 789
14.55 787
14.5667 785
14.5833 782
14.6 780
14.6167 778
14.6333 776
14.65 774
14.6667 771
14.6833 769
14.7 767
14.7167 765
14.7333 762
14.75 760
14.7667 758
14.7833 756
14.8 753
14.8167 751
14.8333 748
14.85 746
14.8667 744
14.8833 741
14.9 739
14.9167 736
14.9333 734
14.95 731
14.9667 729
14.9833 726
15.0 723
15.0167 720
15.0333 718
15.05 715
15.0667 713
15.0833 710
15.1 707
15.1167 705
15.1333 702
15.15 700
15.1667 697
15.1833 694
15.2 691
15.2167 689
15.2333 686
15.25 683
15.2667 680
15.2833 678
15.3 675
15.3167 672
15.3333 669
15.35 666
15.3667 663
15.3833 661
15.4 658
15.4167 655
15.4333 652
15.45 649
15.4667 646
15.4833 643
15.5 640
15.5167 637
15.5333 634
15.55 631
15.5667 628
15.5833 625
15.6 622
15.6167 619
15.6333 616
15.65 613
15.6667 610
15.6833 607
15.7 604
15.7167 600
15.7333 597
15.75 594
15.7667 591
15.7833 588
15.8 585
15.8167 582
15.8333 578
15.85 575
15.8667 572
15.8833 569
15.9 565
15.9167 562
15.9333 559
15.95 556
15.9667 552
15.9833 549
16.0 546
16.0167 542
16.0333 539
16.05 536
16.0667 532
16.0833 529
16.1 526
16.1167 522
16.1333 519
16.15 516
16.1667 512
16.1833 509
16.2 505
16.2167 502
16.2333 498
16.25 495
16.2667 492
16.2833 488
16.3 485
16.3167 481
16.3333 478
16.35 474
16.3667 471
16.3833 467
16.4 464
16.4167 460
16.4333 457
16.45 453
16.4667 450
16.4833 446
16.5 442
16.5167 439
16.5333 435
16.55 432
16.5667 428
16.5833 425
16.6 421
16.6167 417
16.6333 414
16.65 410
16.6667 407
16.6833 403
16.7 399
16.7167 396
16.7333 392
16.75 389
16.7667 385
16.7833 381
16.8 378
16.8167 374
16.8333 370
16.85 367
16.8667 363
16.8833 360
16.9 356
16.9167 352
16.9333 349
16.95 345
16.9667 341
16.9833 338
