8.0 219
8.0167 222
8.0333 226
8.05 229
8.0667 233
8.0833 237
8.1 240
8.1167 244
8.1333 248
8.15 251
8.1667 255
8.1833 258
8.2 262
8.2167 266
8.2333 269
8.25 273
8.2667 277
8.2833 280
8.3 284
8.3167 288
8.3333 291
8.35 295
8.3667 299
8.3833 302
8.4 306
8.4167 309
8.4333 313
8.45 317
8.4667 320
8.4833 324
8.5 328
8.5167 331
8.5333 335
8.55 339
8.5667 342
8.5833 346
8.6 349
8.6167 353
8.6333 357
8.65 360
8.6667 364
8.6833 367
8.7 371
8.7167 375
8.7333 378
8.75 382
8.7667 385
8.7833 389
8.8 392
8.8167 396
8.8333 399
8.85 403
8.8667 406
8.8833 410
8.9 414
8.9167 417
8.9333 421
8.95 424
8.9667 427
8.9833 431
9.0 434
9.0167 437
9.0333 441
9.05 444
9.0667 448
9.0833 451
9.1 454
9.1167 458
9.1333 461
9.15 465
9.1667 468
9.1833 471
9.2 475
9.2167 478
9.2333 481
9.25 485
9.2667 488
9.2833 491
9.3 495
9.3167 498
9.3333 501
9.35 504
9.3667 508
9.3833 511
9.4 514
9.4167 517
9.4333 521
9.45 524
9.4667 527
9.4833 530
9.5 533
9.5167 536
9.5333 540
9.55 543
9.5667 546
9.5833 549
9.6 552
9.6167 555
9.6333 558
9.65 561
9.6667 564
9.6833 567
9.7 570
9.7167 573
9.7333 576
9.75 579
9.7667 582
9.7833 585
9.8 588
9.8167 591
9.8333 594
9.85 597
9.8667 599
9.8833 602
9.9 605
9.9167 608
9.9333 611
9.95 614
9.9667 616
9.9833 619
10.0 622
10.0167 625
10.0333 627
10.05 630
10.0667 633
10.0833 635
10.1 638
10.1167 641
10.1333 643
10.15 646
10.1667 649
10.1833 651
10.2 654
10.2167 656
10.2333 659
10.25 661
10.2667 664
10.2833 666
10.3 669
10.3167 671
10.3333 674
10.35 676
10.3667 679
10.3833 681
10.4 683
10.4167 686
10.4333 688
10.45 690
10.4667 693
10.4833 695
10.5 697
10.5167 700
10.5333 702
10.55 704
10.5667 706
10.5833 708
10.6 711
10.6167 713
10.6333 715
10.65 717
10.6667 719
10.6833 721
10.7 723
10.7167 725
10.7333 727
10.75 729
10.7667 731
10.7833 733
10.8 735
10.8167 737
10.8333 739
10.85 741
10.8667 743
10.8833 745
10.9 747
10.9167 749
10.9333 750
10.95 752
10.9667 754
10.9833 756
11.0 758
11.0167 759
11.0333 761
11.05 763
11.0667 764
11.0833 766
11.1 768
11.1167 769
11.1333 771
11.15 772
11.1667 774
11.1833 776
11.2 777
11.2167 779
11.2333 780
11.25 782
11.2667 783
11.2833 784
11.3 786
11.3167 787
11.3333 789
11.35 790
11.3667 791
11.3833 793
11.4 794
11.4167 795
11.4333 796
11.45 798
11.4667 799
11.4833 800
11.5 801
11.5167 802
11.5333 804
11.55 805
11.5667 806
11.5833 807
11.6 808
11.6167 809
11.6333 810
11.65 811
11.6667 812
11.6833 813
11.7 814
11.7167 815
11.7333 816
11.75 817
11.7667 817
11.7833 818
11.8 819
11.8167 820
11.8333 821
11.85 821
11.8667 822
11.8833 823
11.9 824
11.9167 824
11.9333 825
11.95 826
11.9667 826
11.9833 827
12.0 827
12.0167 828
12.0333 828
12.05 829
12.0667 829
12.0833 830
12.1 830
12.1167 831
12.1333 831
12.15 832
12.1667 832
12.1833 832
12.2 833
12.2167 833
12.2333 833
12.25 834
12.2667 834
12.2833 834
12.3 834
12.3167 835
12.3333 835
12.35 835
12.3667 835
12.3833 835
12.4 835
12.4167 835
12.4333 835
12.45 835
12.4667 835
12.4833 835
12.5 835
12.5167 835
12.5333 835
12.55 835
12.5667 835
12.5833 835
12.6 835
12.6167 835
12.6333 834
12.65 834
12.6667 834
12.6833 834
12.7 833
12.7167 833
12.7333 833
12.75 833
12.7667 832
12.7833 832
12.8 831
12.8167 831
12.8333 831
12.85 830
12.8667 830
12.8833 829
12.9 829
12.9167 828
12.9333 828
12.95 827
12.9667 826
12.9833 826
13.0 825
13.0167 825
13.0333 824
13.05 823
13.0667 822
13.0833 822
13.1 821
13.1167 820
13.1333 819
13.15 819
13.1667 818
13.1833 817
13.2 816
13.2167 815
13.2333 814
13.25 813
13.2667 812
13.2833 811
13.3 810
13.3167 809
13.3333 808
13.35 807
13.3667 806
13.3833 805
13.4 804
13.4167 803
13.4333 802
13.45 801
13.4667 799
13.4833 798
13.5 797
13.5167 796
13.5333 794
13.55 793
13.5667 792
13.5833 790
13.6 789
13.6167 788
13.6333 786
13.65 785
13.6667 784
13.6833 782
13.7 781
13.7167 779
13.7333 778
13.75 776
13.7667 775
13.7833 773
13.8 772
13.8167 770
13.8333 768
13.85 767
13.8667 765
13.8833 763
13.9 762
13.9167 760
13.9333 758
13.95 757
13.9667 755
13.9833 753
14.0 751
14.0167 749
14.0333 748
14.05 746
14.0667 744
14.0833 742
14.1 740
14.1167 738
14.1333 736
14.15 734
14.1667 732
14.1833 730
14.2 728
14.2167 726
14.2333 724
14.25 722
14.2667 720
14.2833 718
14.3 716
14.3167 714
14.3333 712
14.35 709
14.3667 707
14.3833 705
14.4 703
14.4167 701
14.4333 698
14.45 696
14.4667 694
14.4833 691
14.5 689
14.5167 687
14.5333 684
14.55 682
14.5667 680
14.5833 677
14.6 675
14.6167 672
14.6333 670
14.65 667
14.6667 665
14.6833 662
14.7 660
14.7167 657
14.7333 655
14.75 652
14.7667 650
14.7833 647
14.8 645
14.8167 642
14.8333 639
14.85 637
14.8667 634
14.8833 631
14.9 629
14.9167 626
14.9333 623
14.95 620
14.9667 618
14.9833 615
15.0 611
15.0167 608
15.0333 605
15.05 602
15.0667 600
15.0833 597
15.1 594
15.1167 591
15.1333 588
15.15 585
15.1667 582
15.1833 579
15.2 576
15.2167 573
15.2333 570
15.25 567
15.2667 564
15.2833 561
15.3 558
15.3167 555
15.3333 552
15.35 549
15.3667 546
15.3833 543
15.4 540
15.4167 537
15.4333 533
15.45 530
15.4667 527
15.4833 524
15.5 521
15.5167 518
15.5333 514
15.55 511
15.5667 508
15.5833 505
15.6 501
15.6167 498
15.6333 495
15.65 492
15.6667 488
15.6833 485
15.7 482
15.7167 478
15.7333 475
15.75 472
15.7667 468
15.7833 465
15.8 462
15.8167 458
15.8333 455
15.85 451
15.8667 448
15.8833 445
15.9 441
15.9167 438
15.9333 434
15.95 431
15.9667 427
15.9833 424
16.0 420
16.0167 417
16.0333 413
16.05 410
16.0667 406
16.0833 403
16.1 399
16.1167 396
16.1333 392
16.15 389
16.1667 385
16.1833 382
16.2 378
16.2167 374
16.2333 371
16.25 367
16.2667 364
16.2833 360
16.3 356
16.3167 353
16.3333 349
16.35 346
16.3667 342
16.3833 338
16.4 335
16.4167 331
16.4333 328
16.45 324
16.4667 320
16.4833 317
16.5 313
16.5167 309
16.5333 306
16.55 302
16.5667 298
16.5833 295
16.6 291
16.6167 288
16.6333 284
16.65 280
16.6667 277
16.6833 273
16.7 269
16.7167 266
16.7333 262
16.75 258
16.7667 255
16.7833 251
16.8 248
16.8167 244
16.8333 240
16.85 237
16.8667 233
16.8833 229
16.9 226
16.9167 222
16.9333 219
16.95 215
16.9667 212
16.9833 208
